-0.647017 0.681830 0.295600 -4.837618 -3.804261 -1.649295
-0.658966 0.672433 0.291527 -4.770501 -3.872750 -1.678988
-0.670749 0.662868 0.287380 -4.702237 -3.940212 -1.708235
-0.682364 0.653135 0.283160 -4.632844 -4.006632 -1.737031
-0.693807 0.643239 0.278870 -4.562343 -4.071995 -1.765369
-0.705076 0.633181 0.274509 -4.490753 -4.136285 -1.793241
-0.716168 0.622965 0.270080 -4.418095 -4.199488 -1.820642
-0.727081 0.612592 0.265583 -4.344389 -4.261587 -1.847564
-0.737811 0.602066 0.261020 -4.269657 -4.322570 -1.874003
-0.748357 0.591389 0.256391 -4.193919 -4.382422 -1.899951
-0.758716 0.580564 0.251698 -4.117196 -4.441130 -1.925403
-0.768886 0.569595 0.246942 -4.039511 -4.498680 -1.950353
-0.778863 0.558483 0.242125 -3.960883 -4.555059 -1.974796
-0.788647 0.547232 0.237247 -3.881337 -4.610255 -1.998726
-0.798234 0.535845 0.232310 -3.800892 -4.664257 -2.022138
-0.807622 0.524324 0.227315 -3.719573 -4.717051 -2.045026
-0.816809 0.512673 0.222264 -3.637400 -4.768627 -2.067387
-0.825794 0.500894 0.217158 -3.554396 -4.818974 -2.089214
-0.834573 0.488992 0.211997 -3.470584 -4.868081 -2.110504
-0.843145 0.476967 0.206785 -3.385987 -4.915938 -2.131252
-0.851509 0.464825 0.201520 -3.300628 -4.962534 -2.151453
-0.859661 0.452568 0.196206 -3.214529 -5.007860 -2.171104
-0.867601 0.440198 0.190844 -3.127714 -5.051908 -2.190200
-0.875326 0.427720 0.185434 -3.040206 -5.094668 -2.208738
-0.882836 0.415136 0.179978 -2.952028 -5.136132 -2.226715
-0.890127 0.402450 0.174478 -2.863205 -5.176291 -2.244125
-0.897199 0.389664 0.168935 -2.773758 -5.215139 -2.260968
-0.904051 0.376783 0.163351 -2.683712 -5.252668 -2.277238
-0.910679 0.363809 0.157726 -2.593091 -5.288870 -2.292933
-0.917084 0.350745 0.152062 -2.501918 -5.323740 -2.308050
-0.923264 0.337596 0.146361 -2.410218 -5.357271 -2.322587
-0.929217 0.324363 0.140625 -2.318013 -5.389457 -2.336541
-0.934943 0.311051 0.134853 -2.225327 -5.420293 -2.349910
-0.940439 0.297663 0.129049 -2.132186 -5.449773 -2.362691
-0.945706 0.284202 0.123213 -2.038612 -5.477894 -2.374882
-0.950741 0.270672 0.117347 -1.944630 -5.504650 -2.386482
-0.955544 0.257075 0.111453 -1.850263 -5.530038 -2.397489
-0.960115 0.243416 0.105531 -1.755535 -5.554055 -2.407901
-0.964451 0.229698 0.099583 -1.660472 -5.576695 -2.417717
-0.968552 0.215923 0.093612 -1.565095 -5.597958 -2.426935
-0.972418 0.202096 0.087617 -1.469430 -5.617840 -2.435555
-0.976047 0.188220 0.081601 -1.373500 -5.636339 -2.443575
-0.979440 0.174298 0.075566 -1.277329 -5.653453 -2.450995
-0.982595 0.160334 0.069512 -1.180942 -5.669181 -2.457813
-0.985512 0.146332 0.063441 -1.084361 -5.683522 -2.464031
-0.988190 0.132293 0.057355 -0.987611 -5.696474 -2.469646
-0.990630 0.118223 0.051255 -0.890715 -5.708038 -2.474659
-0.992830 0.104124 0.045142 -0.793698 -5.718213 -2.479071
-0.994790 0.090000 0.039019 -0.696582 -5.726999 -2.482880
-0.996511 0.075854 0.032886 -0.599391 -5.734397 -2.486087
-0.997991 0.061690 0.026746 -0.502149 -5.740408 -2.488693
-0.999232 0.047512 0.020599 -0.404880 -5.745033 -2.490698
-1.000232 0.033321 0.014447 -0.307606 -5.748274 -2.492103
-1.000991 0.019123 0.008291 -0.210350 -5.750132 -2.492909
-1.001511 0.004920 0.002134 -0.113137 -5.750609 -2.493116
-1.001790 -0.009284 -0.004024 -0.015988 -5.749709 -2.492726
-1.001830 -0.023485 -0.010181 0.081073 -5.747434 -2.491739
-1.001630 -0.037682 -0.016336 0.178023 -5.743786 -2.490158
-1.001190 -0.051869 -0.022487 0.274839 -5.738770 -2.487984
-1.000511 -0.066043 -0.028632 0.371500 -5.732390 -2.485217
-0.999593 -0.080202 -0.034771 0.467982 -5.724649 -2.481861
-0.998438 -0.094342 -0.040901 0.564263 -5.715551 -2.477917
-0.997044 -0.108460 -0.047021 0.660321 -5.705102 -2.473387
-0.995413 -0.122551 -0.053130 0.756134 -5.693306 -2.468273
-0.993545 -0.136614 -0.059227 0.851680 -5.680168 -2.462577
-0.991441 -0.150644 -0.065310 0.946937 -5.665694 -2.456302
-0.989103 -0.164638 -0.071377 1.041883 -5.649890 -2.449451
-0.986529 -0.178593 -0.077427 1.136498 -5.632762 -2.442025
-0.983722 -0.192506 -0.083459 1.230758 -5.614316 -2.434028
-0.980682 -0.206374 -0.089471 1.324644 -5.594559 -2.425463
-0.977410 -0.220192 -0.095462 1.418134 -5.573497 -2.416332
-0.973907 -0.233959 -0.101430 1.511208 -5.551138 -2.406638
-0.970175 -0.247670 -0.107374 1.603844 -5.527490 -2.396386
-0.966213 -0.261323 -0.113293 1.696022 -5.502559 -2.385577
-0.962024 -0.274914 -0.119186 1.787721 -5.476355 -2.374217
-0.957608 -0.288441 -0.125050 1.878923 -5.448884 -2.362307
-0.952967 -0.301900 -0.130885 1.969605 -5.420156 -2.349852
-0.948102 -0.315287 -0.136689 2.059750 -5.390179 -2.336856
-0.943015 -0.328601 -0.142461 2.149336 -5.358962 -2.323322
-0.937706 -0.341838 -0.148200 2.238344 -5.326514 -2.309255
-0.932177 -0.354994 -0.153904 2.326756 -5.292845 -2.294658
-0.926430 -0.368068 -0.159571 2.414552 -5.257964 -2.279536
-0.920466 -0.381055 -0.165202 2.501713 -5.221881 -2.263892
-0.914287 -0.393953 -0.170794 2.588221 -5.184606 -2.247732
-0.907894 -0.406759 -0.176346 2.674056 -5.146149 -2.231060
-0.901289 -0.419470 -0.181856 2.759201 -5.106522 -2.213880
-0.894474 -0.432083 -0.187325 2.843638 -5.065734 -2.196197
-0.887450 -0.444595 -0.192749 2.927348 -5.023797 -2.178015
-0.880220 -0.457004 -0.198129 3.010314 -4.980721 -2.159341
-0.872784 -0.469306 -0.203462 3.092519 -4.936519 -2.140177
-0.865146 -0.481500 -0.208749 3.173945 -4.891201 -2.120530
-0.857306 -0.493581 -0.213986 3.254575 -4.844779 -2.100405
-0.849267 -0.505547 -0.219174 3.334393 -4.797266 -2.079806
-0.841031 -0.517397 -0.224312 3.413381 -4.748673 -2.058739
-0.832600 -0.529126 -0.229397 3.491523 -4.699013 -2.037209
-0.823976 -0.540733 -0.234429 3.568803 -4.648298 -2.015222
-0.815161 -0.552214 -0.239406 3.645206 -4.596541 -1.992783
-0.806158 -0.563567 -0.244328 3.720715 -4.543754 -1.969898
-0.796967 -0.574790 -0.249194 3.795314 -4.489951 -1.946573
-0.787593 -0.585881 -0.254002 3.868990 -4.435145 -1.922812
-0.778037 -0.596835 -0.258751 3.941725 -4.379349 -1.898622
-0.768300 -0.607652 -0.263441 4.013506 -4.322577 -1.874010
-0.758387 -0.618329 -0.268070 4.084318 -4.264843 -1.848979
-0.748299 -0.628863 -0.272637 4.154147 -4.206160 -1.823538
-0.738038 -0.639252 -0.277141 4.222978 -4.146541 -1.797691
-0.727607 -0.649494 -0.281581 4.290797 -4.086003 -1.771445
-0.717009 -0.659587 -0.285957 4.357592 -4.024558 -1.744807
-0.706246 -0.669527 -0.290266 4.423347 -3.962221 -1.717781
-0.695320 -0.679314 -0.294509 4.488051 -3.899007 -1.690375
-0.684235 -0.688945 -0.298684 4.551689 -3.834930 -1.662596
-0.672992 -0.698417 -0.302791 4.614250 -3.770006 -1.634448
-0.661595 -0.707729 -0.306828 4.675721 -3.704249 -1.605940
-0.650046 -0.716878 -0.310795 4.736089 -3.637674 -1.577077
-0.638348 -0.725863 -0.314690 4.795342 -3.570297 -1.547867
-0.626503 -0.734682 -0.318513 4.853469 -3.502133 -1.518315
-0.614515 -0.743332 -0.322264 4.910459 -3.433198 -1.488429
-0.602386 -0.751812 -0.325940 4.966299 -3.363506 -1.458215
-0.590119 -0.760120 -0.329542 5.020978 -3.293075 -1.427680
-0.577718 -0.768254 -0.333068 5.074486 -3.221919 -1.396831
-0.565184 -0.776212 -0.336518 5.126813 -3.150055 -1.365675
-0.552520 -0.783993 -0.339892 5.177947 -3.077499 -1.334219
-0.539731 -0.791594 -0.343187 5.227879 -3.004266 -1.302470
-0.526818 -0.799015 -0.346404 5.276598 -2.930374 -1.270435
-0.513785 -0.806253 -0.349542 5.324096 -2.855839 -1.238121
-0.500634 -0.813307 -0.352600 5.370363 -2.780676 -1.205535
-0.487370 -0.820175 -0.355578 5.415389 -2.704903 -1.172685
-0.473994 -0.826856 -0.358475 5.459166 -2.628537 -1.139577
-0.460509 -0.833349 -0.361289 5.501685 -2.551593 -1.106219
-0.446920 -0.839651 -0.364022 5.542938 -2.474090 -1.072618
-0.433229 -0.845762 -0.366671 5.582916 -2.396043 -1.038781
-0.419439 -0.851680 -0.369237 5.621612 -2.317470 -1.004717
-0.405554 -0.857404 -0.371719 5.659018 -2.238388 -0.970432
-0.391576 -0.862933 -0.374115 5.695126 -2.158814 -0.935934
-0.377509 -0.868266 -0.376427 5.729930 -2.078766 -0.901229
-0.363356 -0.873400 -0.378653 5.763423 -1.998260 -0.866327
-0.349121 -0.878336 -0.380793 5.795597 -1.917314 -0.831234
-0.334806 -0.883072 -0.382846 5.826447 -1.835946 -0.795957
-0.320414 -0.887606 -0.384812 5.855966 -1.754173 -0.760506
-0.305950 -0.891939 -0.386691 5.884148 -1.672012 -0.724886
-0.291416 -0.896069 -0.388481 5.910988 -1.589482 -0.689106
-0.276816 -0.899995 -0.390183 5.936481 -1.506600 -0.653173
-0.262153 -0.903716 -0.391797 5.960620 -1.423384 -0.617096
-0.247430 -0.907232 -0.393321 5.983402 -1.339851 -0.580881
-0.232651 -0.910542 -0.394756 6.004822 -1.256020 -0.544537
-0.217819 -0.913644 -0.396101 6.024875 -1.171909 -0.508071
-0.202938 -0.916539 -0.397356 6.043557 -1.087534 -0.471492
-0.188010 -0.919225 -0.398520 6.060864 -1.002916 -0.434806
-0.173040 -0.921702 -0.399594 6.076793 -0.918070 -0.398022
-0.158030 -0.923970 -0.400577 6.091340 -0.833016 -0.361148
-0.142985 -0.926027 -0.401469 6.104502 -0.747772 -0.324191
-0.127906 -0.927874 -0.402270 6.116276 -0.662356 -0.287160
-0.112799 -0.929510 -0.402979 6.126661 -0.576786 -0.250062
-0.097666 -0.930935 -0.403597 6.135652 -0.491081 -0.212905
-0.082511 -0.932148 -0.404123 6.143249 -0.405258 -0.175698
-0.067338 -0.933149 -0.404557 6.149449 -0.319335 -0.138447
-0.052148 -0.933938 -0.404899 6.154252 -0.233333 -0.101161
-0.036947 -0.934514 -0.405149 6.157654 -0.147267 -0.063849
-0.021738 -0.934878 -0.405306 6.159656 -0.061158 -0.026517
-0.006524 -0.935029 -0.405372 6.160257 0.024977 0.010826
0.008692 -0.934967 -0.405345 6.159457 0.111119 0.048172
0.023906 -0.934693 -0.405226 6.157254 0.197250 0.085513
0.039114 -0.934205 -0.405015 6.153649 0.283352 0.122842
0.054314 -0.933505 -0.404711 6.148642 0.369405 0.160149
0.069501 -0.932593 -0.404316 6.142234 0.455392 0.197428
0.084672 -0.931468 -0.403828 6.134425 0.541294 0.234670
0.099824 -0.930131 -0.403249 6.125217 0.627093 0.271867
0.114954 -0.928582 -0.402577 6.114610 0.712770 0.309011
0.130057 -0.926822 -0.401814 6.102607 0.798307 0.346095
0.145130 -0.924850 -0.400959 6.089210 0.883686 0.383110
0.160171 -0.922667 -0.400013 6.074419 0.968887 0.420048
0.175174 -0.920274 -0.398975 6.058238 1.053893 0.456902
0.190138 -0.917671 -0.397847 6.040669 1.138685 0.493662
0.205059 -0.914858 -0.396627 6.021716 1.223245 0.530322
0.219932 -0.911837 -0.395317 6.001381 1.307554 0.566874
0.234756 -0.908607 -0.393917 5.979667 1.391595 0.603309
0.249526 -0.905170 -0.392427 5.956579 1.475348 0.639619
0.264238 -0.901526 -0.390847 5.932121 1.558796 0.675797
0.278891 -0.897676 -0.389178 5.906296 1.641920 0.711835
0.293479 -0.893620 -0.387420 5.879109 1.724702 0.747724
0.308001 -0.889360 -0.385573 5.850564 1.807124 0.783457
0.322452 -0.884897 -0.383638 5.820668 1.889168 0.819027
0.336829 -0.880230 -0.381615 5.789425 1.970815 0.854424
0.351128 -0.875362 -0.379504 5.756841 2.052048 0.889642
0.365348 -0.870294 -0.377307 5.722921 2.132849 0.924672
0.379483 -0.865026 -0.375023 5.687671 2.213199 0.959507
0.393532 -0.859559 -0.372653 5.651099 2.293081 0.994139
0.407490 -0.853895 -0.370197 5.613211 2.372476 1.028560
0.421355 -0.848035 -0.367657 5.574013 2.451367 1.062762
0.435123 -0.841980 -0.365032 5.533512 2.529737 1.096739
0.448790 -0.835732 -0.362323 5.491717 2.607567 1.130481
0.462355 -0.829291 -0.359531 5.448635 2.684840 1.163982
0.475813 -0.822660 -0.356656 5.404274 2.761539 1.197234
0.489162 -0.815839 -0.353698 5.358642 2.837645 1.230229
0.502398 -0.808830 -0.350660 5.311748 2.913142 1.262960
0.515518 -0.801634 -0.347540 5.263600 2.988012 1.295419
0.528519 -0.794254 -0.344341 5.214208 3.062239 1.327599
0.541398 -0.786690 -0.341061 5.163581 3.135803 1.359492
0.554152 -0.778945 -0.337703 5.111728 3.208690 1.391092
0.566778 -0.771019 -0.334267 5.058660 3.280882 1.422390
0.579273 -0.762915 -0.330754 5.004387 3.352361 1.453379
0.591633 -0.754635 -0.327164 4.948918 3.423111 1.484052
0.603857 -0.746180 -0.323499 4.892266 3.493116 1.514402
0.615941 -0.737552 -0.319758 4.834440 3.562359 1.544421
0.627882 -0.728753 -0.315943 4.775452 3.630823 1.574103
0.639678 -0.719785 -0.312055 4.715314 3.698493 1.603441
0.651324 -0.710650 -0.308095 4.654037 3.765351 1.632426
0.662820 -0.701349 -0.304063 4.591634 3.831382 1.661053
0.674161 -0.691886 -0.299960 4.528116 3.896570 1.689315
0.685346 -0.682261 -0.295787 4.463496 3.960898 1.717204
0.696371 -0.672478 -0.291546 4.397788 4.024352 1.744714
0.707233 -0.662538 -0.287236 4.331004 4.086916 1.771837
0.717931 -0.652443 -0.282860 4.263158 4.148573 1.798569
0.728461 -0.642196 -0.278418 4.194263 4.209310 1.824900
0.738820 -0.631799 -0.273910 4.124333 4.269110 1.850826
0.749008 -0.621254 -0.269339 4.053382 4.327959 1.876339
0.759019 -0.610564 -0.264704 3.981426 4.385841 1.901434
0.768854 -0.599731 -0.260007 3.908478 4.442743 1.926103
0.778507 -0.588758 -0.255250 3.834554 4.498649 1.950340
0.787979 -0.577646 -0.250433 3.759669 4.553545 1.974140
0.797265 -0.566399 -0.245556 3.683838 4.607418 1.997496
0.806364 -0.555018 -0.240623 3.607077 4.660252 2.020402
0.815274 -0.543507 -0.235632 3.529402 4.712034 2.042851
0.823991 -0.531869 -0.230586 3.450830 4.762751 2.064839
0.832515 -0.520105 -0.225486 3.371377 4.812389 2.086359
0.840842 -0.508218 -0.220333 3.291059 4.860934 2.107405
0.848971 -0.496212 -0.215128 3.209894 4.908374 2.127973
0.856900 -0.484088 -0.209872 3.127898 4.954696 2.148055
0.864626 -0.471850 -0.204566 3.045091 4.999886 2.167647
0.872147 -0.459500 -0.199212 2.961488 5.043933 2.186743
0.879462 -0.447042 -0.193811 2.877109 5.086824 2.205338
0.886568 -0.434477 -0.188363 2.791971 5.128547 2.223427
0.893464 -0.421810 -0.182871 2.706093 5.169091 2.241004
0.900148 -0.409042 -0.177336 2.619494 5.208443 2.258064
0.906619 -0.396177 -0.171759 2.532192 5.246592 2.274604
0.912873 -0.383218 -0.166141 2.444207 5.283528 2.290617
0.918910 -0.370168 -0.160483 2.355558 5.319238 2.306099
0.924729 -0.357029 -0.154787 2.266266 5.353713 2.321045
0.930326 -0.343806 -0.149054 2.176348 5.386943 2.335451
0.935702 -0.330500 -0.143285 2.085827 5.418916 2.349313
0.940854 -0.317115 -0.137482 1.994721 5.449623 2.362626
0.945781 -0.303654 -0.131647 1.903053 5.479054 2.375386
0.950481 -0.290121 -0.125779 1.810841 5.507201 2.387588
0.954954 -0.276518 -0.119882 1.718108 5.534053 2.399230
0.959198 -0.262849 -0.113956 1.624873 5.559602 2.410306
0.963211 -0.249117 -0.108003 1.531160 5.583839 2.420814
0.966993 -0.235325 -0.102023 1.436989 5.606756 2.430750
0.970543 -0.221476 -0.096019 1.342381 5.628346 2.440109
0.973858 -0.207574 -0.089992 1.247360 5.648599 2.448890
0.976939 -0.193622 -0.083943 1.151946 5.667509 2.457089
0.979785 -0.179624 -0.077874 1.056162 5.685069 2.464702
0.982393 -0.165581 -0.071786 0.960031 5.701272 2.471726
0.984765 -0.151499 -0.065681 0.863575 5.716111 2.478160
0.986898 -0.137380 -0.059560 0.766817 5.729580 2.483999
0.988792 -0.123228 -0.053425 0.669781 5.741674 2.489242
0.990446 -0.109046 -0.047276 0.572488 5.752385 2.493886
0.991860 -0.094838 -0.041116 0.474962 5.761711 2.497929
0.993033 -0.080607 -0.034947 0.377227 5.769644 2.501368
0.993965 -0.066356 -0.028768 0.279306 5.776181 2.504202
0.994655 -0.052088 -0.022583 0.181223 5.781317 2.506429
0.995102 -0.037809 -0.016392 0.083002 5.785049 2.508047
0.995307 -0.023520 -0.010197 -0.015333 5.787373 2.509055
0.995270 -0.009225 -0.004000 -0.113759 5.788285 2.509450
0.994989 0.005072 0.002199 -0.212251 5.787783 2.509233
0.994464 0.019368 0.008396 -0.310785 5.785864 2.508401
0.993697 0.033659 0.014592 -0.409336 5.782526 2.506953
0.992686 0.047942 0.020784 -0.507880 5.777767 2.504890
0.991431 0.062213 0.026971 -0.606392 5.771585 2.502210
0.989933 0.076469 0.033152 -0.704849 5.763980 2.498913
0.988192 0.090706 0.039324 -0.803224 5.754950 2.494998
0.986208 0.104921 0.045487 -0.901493 5.744495 2.490466
0.983982 0.119110 0.051638 -0.999632 5.732615 2.485315
0.981513 0.133269 0.057777 -1.097615 5.719311 2.479548
0.978802 0.147396 0.063902 -1.195418 5.704583 2.473163
0.975849 0.161486 0.070010 -1.293015 5.688433 2.466161
0.972655 0.175537 0.076102 -1.390381 5.670861 2.458543
0.969221 0.189544 0.082174 -1.487492 5.651870 2.450309
0.965547 0.203504 0.088227 -1.584322 5.631461 2.441461
0.961633 0.217413 0.094257 -1.680846 5.609638 2.432000
0.957482 0.231269 0.100264 -1.777038 5.586404 2.421927
0.953092 0.245068 0.106246 -1.872875 5.561762 2.411244
0.948466 0.258805 0.112202 -1.968330 5.535715 2.399952
0.943605 0.272478 0.118130 -2.063379 5.508269 2.388053
0.938508 0.286084 0.124028 -2.157996 5.479427 2.375549
0.933178 0.299618 0.129896 -2.252157 5.449194 2.362442
0.927615 0.313078 0.135731 -2.345836 5.417577 2.348734
0.921821 0.326459 0.141532 -2.439008 5.384580 2.334429
0.915797 0.339759 0.147299 -2.531649 5.350210 2.319528
0.909543 0.352974 0.153028 -2.623734 5.314474 2.304036
0.903063 0.366101 0.158719 -2.715238 5.277379 2.287953
0.896356 0.379136 0.164370 -2.806136 5.238931 2.271285
0.889425 0.392076 0.169980 -2.896404 5.199139 2.254033
0.882271 0.404918 0.175548 -2.986017 5.158012 2.236203
0.874895 0.417658 0.181071 -3.074950 5.115556 2.217797
0.867300 0.430294 0.186549 -3.163181 5.071783 2.198819
0.859487 0.442821 0.191980 -3.250683 5.026700 2.179274
0.851458 0.455237 0.197363 -3.337434 4.980318 2.159166
0.843215 0.467538 0.202696 -3.423410 4.932647 2.138499
0.834759 0.479722 0.207978 -3.508586 4.883698 2.117277
0.826092 0.491785 0.213208 -3.592940 4.833481 2.095506
0.817218 0.503723 0.218384 -3.676447 4.782008 2.073191
0.808137 0.515535 0.223504 -3.759085 4.729291 2.050336
0.798852 0.527216 0.228569 -3.840831 4.675341 2.026947
0.789365 0.538764 0.233575 -3.921661 4.620172 2.003029
0.779679 0.550176 0.238523 -4.001553 4.563797 1.978588
0.769795 0.561449 0.243410 -4.080486 4.506228 1.953629
0.759716 0.572579 0.248235 -4.158435 4.447479 1.928159
0.749445 0.583564 0.252998 -4.235380 4.387565 1.902184
0.738983 0.594402 0.257696 -4.311299 4.326500 1.875710
0.728335 0.605088 0.262329 -4.386170 4.264298 1.848743
0.717501 0.615621 0.266896 -4.459972 4.200975 1.821291
0.706485 0.625997 0.271394 -4.532684 4.136547 1.793358
0.695289 0.636215 0.275824 -4.604285 4.071029 1.764954
0.683916 0.646270 0.280183 -4.674755 4.004438 1.736084
0.672370 0.656161 0.284471 -4.744074 3.936790 1.706756
0.660652 0.665885 0.288687 -4.812222 3.868103 1.676977
0.648766 0.675439 0.292829 -4.879179 3.798393 1.646755
0.636714 0.684821 0.296897 -4.944927 3.727678 1.616097
0.624500 0.694028 0.300888 -5.009445 3.655976 1.585012
0.612127 0.703059 0.304803 -5.072716 3.583306 1.553507
0.599597 0.711909 0.308641 -5.134722 3.509686 1.521589
0.586914 0.720578 0.312399 -5.195444 3.435135 1.489269
0.574082 0.729063 0.316077 -5.254865 3.359672 1.456553
0.561102 0.737362 0.319675 -5.312968 3.283318 1.423450
0.547979 0.745471 0.323191 -5.369735 3.206091 1.389969
0.534716 0.753390 0.326624 -5.425152 3.128012 1.356119
0.521316 0.761117 0.329974 -5.479200 3.049102 1.321908
0.507782 0.768648 0.333239 -5.531865 2.969380 1.287346
0.494118 0.775982 0.336419 -5.583132 2.888869 1.252441
0.480328 0.783118 0.339512 -5.632985 2.807590 1.217203
0.466415 0.790053 0.342519 -5.681410 2.725563 1.181642
0.452381 0.796785 0.345437 -5.728393 2.642812 1.145766
0.438232 0.803312 0.348267 -5.773920 2.559357 1.109585
0.423971 0.809634 0.351008 -5.817979 2.475221 1.073108
0.409600 0.815748 0.353659 -5.860555 2.390427 1.036347
0.395125 0.821652 0.356218 -5.901638 2.304997 0.999310
0.380548 0.827345 0.358687 -5.941214 2.218954 0.962007
0.365873 0.832826 0.361063 -5.979273 2.132322 0.924448
0.351104 0.838093 0.363346 -6.015803 2.045124 0.886644
0.336245 0.843145 0.365536 -6.050794 1.957383 0.848605
0.321300 0.847979 0.367632 -6.084236 1.869123 0.810341
0.306272 0.852596 0.369634 -6.116119 1.780368 0.771862
0.291165 0.856994 0.371540 -6.146433 1.691142 0.733179
0.275983 0.861171 0.373351 -6.175171 1.601469 0.694303
0.260730 0.865126 0.375066 -6.202324 1.511374 0.655243
0.245411 0.868859 0.376685 -6.227884 1.420881 0.616011
0.230028 0.872369 0.378206 -6.251843 1.330015 0.576616
0.214586 0.875654 0.379631 -6.274196 1.238800 0.537071
0.199088 0.878714 0.380957 -6.294936 1.147262 0.497386
0.183540 0.881548 0.382186 -6.314056 1.055425 0.457571
0.167944 0.884155 0.383316 -6.331553 0.963315 0.417638
0.152305 0.886534 0.384347 -6.347420 0.870956 0.377596
0.136627 0.888685 0.385280 -6.361653 0.778374 0.337459
0.120914 0.890608 0.386114 -6.374250 0.685594 0.297235
0.105169 0.892301 0.386848 -6.385205 0.592642 0.256936
0.089398 0.893765 0.387482 -6.394517 0.499543 0.216574
0.073604 0.894999 0.388017 -6.402184 0.406322 0.176159
0.057790 0.896003 0.388452 -6.408203 0.313005 0.135703
0.041962 0.896776 0.388788 -6.412572 0.219618 0.095216
0.026123 0.897318 0.389023 -6.415292 0.126185 0.054709
0.010277 0.897630 0.389158 -6.416362 0.032733 0.014194
-0.005571 0.897711 0.389193 -6.415782 -0.060713 -0.026319
-0.021418 0.897561 0.389128 -6.413553 -0.154128 -0.066818
-0.037260 0.897180 0.388963 -6.409676 -0.247486 -0.107292
-0.053092 0.896569 0.388698 -6.404153 -0.340762 -0.147731
-0.068910 0.895727 0.388333 -6.396985 -0.433930 -0.188123
-0.084711 0.894655 0.387868 -6.388176 -0.526965 -0.228457
-0.100489 0.893354 0.387304 -6.377729 -0.619842 -0.268723
-0.116242 0.891823 0.386640 -6.365647 -0.712535 -0.308909
-0.131965 0.890063 0.385877 -6.351935 -0.805020 -0.349005
-0.147655 0.888074 0.385015 -6.336596 -0.897271 -0.389000
-0.163306 0.885858 0.384054 -6.319638 -0.989264 -0.428882
-0.178916 0.883415 0.382995 -6.301064 -1.080973 -0.468642
-0.194479 0.880745 0.381838 -6.280882 -1.172374 -0.508268
-0.209993 0.877849 0.380582 -6.259097 -1.263443 -0.547750
-0.225453 0.874728 0.379229 -6.235717 -1.354155 -0.587077
-0.240855 0.871383 0.377779 -6.210749 -1.444485 -0.626239
-0.256196 0.867815 0.376232 -6.184201 -1.534410 -0.665225
-0.271471 0.864025 0.374589 -6.156082 -1.623906 -0.704025
-0.286676 0.860014 0.372850 -6.126401 -1.712948 -0.742628
-0.301808 0.855783 0.371016 -6.095167 -1.801513 -0.781024
-0.316864 0.851334 0.369087 -6.062390 -1.889578 -0.819204
-0.331838 0.846666 0.367063 -6.028079 -1.977119 -0.857157
-0.346727 0.841783 0.364946 -5.992247 -2.064113 -0.894872
-0.361528 0.836685 0.362736 -5.954903 -2.150538 -0.932341
-0.376236 0.831373 0.360433 -5.916059 -2.236371 -0.969553
-0.390849 0.825849 0.358038 -5.875728 -2.321589 -1.006498
-0.405362 0.820115 0.355552 -5.833922 -2.406170 -1.043167
-0.419772 0.814171 0.352976 -5.790653 -2.490092 -1.079551
-0.434075 0.808021 0.350309 -5.745935 -2.573333 -1.115639
-0.448267 0.801665 0.347553 -5.699782 -2.655873 -1.151423
-0.462346 0.795105 0.344709 -5.652206 -2.737689 -1.186894
-0.476307 0.788343 0.341778 -5.603224 -2.818761 -1.222042
-0.490147 0.781380 0.338759 -5.552849 -2.899068 -1.256858
-0.503862 0.774220 0.335655 -5.501096 -2.978589 -1.291334
-0.517450 0.766862 0.332465 -5.447982 -3.057305 -1.325460
-0.530906 0.759311 0.329191 -5.393521 -3.135195 -1.359229
-0.544228 0.751567 0.325834 -5.337731 -3.212240 -1.392631
-0.557413 0.743633 0.322394 -5.280627 -3.288422 -1.425658
-0.570456 0.735510 0.318873 -5.222227 -3.363719 -1.458303
-0.583355 0.727202 0.315271 -5.162547 -3.438115 -1.490556
-0.596106 0.718710 0.311589 -5.101606 -3.511590 -1.522411
-0.608707 0.710036 0.307829 -5.039420 -3.584127 -1.553859
-0.621155 0.701183 0.303991 -4.976009 -3.655708 -1.584892
-0.633445 0.692154 0.300076 -4.911391 -3.726315 -1.615503
