-5.381187 -0.863962 -0.239310 0.414564 -2.377031 -1.028962
-5.377042 -0.887733 -0.249600 0.427638 -2.374872 -1.028355
-5.372765 -0.911481 -0.259884 0.440700 -2.372657 -1.027723
-5.368358 -0.935208 -0.270161 0.453749 -2.370383 -1.027066
-5.363821 -0.958912 -0.280431 0.466787 -2.368052 -1.026385
-5.359153 -0.982592 -0.290695 0.479812 -2.365664 -1.025678
-5.354355 -1.006249 -0.300952 0.492824 -2.363219 -1.024947
-5.349426 -1.029881 -0.311202 0.505823 -2.360716 -1.024190
-5.344368 -1.053488 -0.321443 0.518809 -2.358157 -1.023409
-5.339180 -1.077070 -0.331678 0.531781 -2.355540 -1.022604
-5.333862 -1.100625 -0.341904 0.544739 -2.352866 -1.021773
-5.328415 -1.124154 -0.352121 0.557684 -2.350135 -1.020917
-5.322838 -1.147655 -0.362331 0.570614 -2.347347 -1.020037
-5.317132 -1.171129 -0.372531 0.583529 -2.344502 -1.019132
-5.311297 -1.194574 -0.382722 0.596429 -2.341601 -1.018203
-5.305332 -1.217990 -0.392904 0.609314 -2.338643 -1.017249
-5.299239 -1.241376 -0.403077 0.622184 -2.335628 -1.016270
-5.293017 -1.264732 -0.413239 0.635038 -2.332557 -1.015266
-5.286667 -1.288058 -0.423392 0.647876 -2.329429 -1.014238
-5.280188 -1.311352 -0.433534 0.660698 -2.326244 -1.013185
-5.273581 -1.334615 -0.443666 0.673503 -2.323004 -1.012108
-5.266846 -1.357845 -0.453787 0.686291 -2.319707 -1.011006
-5.259983 -1.381042 -0.463897 0.699063 -2.316354 -1.009880
-5.252993 -1.404205 -0.473996 0.711817 -2.312944 -1.008729
-5.245875 -1.427335 -0.484084 0.724554 -2.309479 -1.007554
-5.238629 -1.450430 -0.494159 0.737272 -2.305957 -1.006354
-5.231256 -1.473489 -0.504223 0.749973 -2.302380 -1.005130
-5.223757 -1.496513 -0.514274 0.762655 -2.298747 -1.003881
-5.216130 -1.519500 -0.524313 0.775319 -2.295057 -1.002608
-5.208377 -1.542451 -0.534339 0.787964 -2.291313 -1.001311
-5.200497 -1.565364 -0.544352 0.800590 -2.287512 -0.999989
-5.192491 -1.588239 -0.554352 0.813196 -2.283656 -0.998643
-5.184359 -1.611076 -0.564338 0.825783 -2.279745 -0.997273
-5.176101 -1.633873 -0.574311 0.838350 -2.275778 -0.995879
-5.167718 -1.656631 -0.584270 0.850897 -2.271756 -0.994460
-5.159209 -1.679349 -0.594214 0.863423 -2.267679 -0.993018
-5.150575 -1.702025 -0.604145 0.875928 -2.263546 -0.991551
-5.141816 -1.724661 -0.614060 0.888413 -2.259359 -0.990060
-5.132931 -1.747254 -0.623961 0.900876 -2.255116 -0.988545
-5.123923 -1.769806 -0.633846 0.913318 -2.250819 -0.987006
-5.114789 -1.792314 -0.643716 0.925739 -2.246466 -0.985443
-5.105532 -1.814778 -0.653571 0.938137 -2.242059 -0.983855
-5.096151 -1.837199 -0.663409 0.950513 -2.237598 -0.982244
-5.086646 -1.859575 -0.673232 0.962866 -2.233082 -0.980609
-5.077017 -1.881906 -0.683038 0.975197 -2.228511 -0.978950
-5.067265 -1.904191 -0.692827 0.987505 -2.223886 -0.977268
-5.057390 -1.926430 -0.702600 0.999789 -2.219206 -0.975561
-5.047392 -1.948622 -0.712355 1.012050 -2.214473 -0.973831
-5.037271 -1.970767 -0.722094 1.024287 -2.209685 -0.972076
-5.027029 -1.992863 -0.731815 1.036500 -2.204844 -0.970298
-5.016664 -2.014912 -0.741518 1.048689 -2.199948 -0.968497
-5.006177 -2.036911 -0.751203 1.060853 -2.194999 -0.966672
-4.995568 -2.058861 -0.760869 1.072993 -2.189996 -0.964823
-4.984838 -2.080761 -0.770517 1.085107 -2.184939 -0.962950
-4.973987 -2.102611 -0.780147 1.097196 -2.179829 -0.961054
-4.963015 -2.124409 -0.789757 1.109260 -2.174665 -0.959134
-4.951923 -2.146156 -0.799349 1.121298 -2.169448 -0.957191
-4.940710 -2.167850 -0.808921 1.133309 -2.164177 -0.955225
-4.929377 -2.189492 -0.818473 1.145294 -2.158854 -0.953235
-4.917924 -2.211080 -0.828005 1.157253 -2.153477 -0.951221
-4.906351 -2.232615 -0.837518 1.169185 -2.148048 -0.949184
-4.894659 -2.254096 -0.847009 1.181090 -2.142565 -0.947124
-4.882848 -2.275521 -0.856481 1.192967 -2.137030 -0.945041
-4.870919 -2.296892 -0.865931 1.204817 -2.131442 -0.942934
-4.858871 -2.318206 -0.875360 1.216639 -2.125802 -0.940804
-4.846704 -2.339464 -0.884768 1.228432 -2.120109 -0.938652
-4.834420 -2.360665 -0.894155 1.240198 -2.114364 -0.936475
-4.822018 -2.381809 -0.903520 1.251935 -2.108567 -0.934276
-4.809498 -2.402895 -0.912862 1.263643 -2.102717 -0.932054
-4.796862 -2.423922 -0.922183 1.275321 -2.096816 -0.929809
-4.784109 -2.444890 -0.931481 1.286971 -2.090863 -0.927541
-4.771239 -2.465798 -0.940756 1.298591 -2.084857 -0.925250
-4.758253 -2.486647 -0.950009 1.310181 -2.078801 -0.922936
-4.745151 -2.507435 -0.959238 1.321741 -2.072692 -0.920599
-4.731934 -2.528162 -0.968444 1.333270 -2.066532 -0.918239
-4.718601 -2.548827 -0.977627 1.344769 -2.060321 -0.915857
-4.705154 -2.569431 -0.986785 1.356237 -2.054058 -0.913452
-4.691591 -2.589971 -0.995920 1.367674 -2.047745 -0.911024
-4.677915 -2.610449 -1.005030 1.379079 -2.041380 -0.908573
-4.664124 -2.630862 -1.014116 1.390453 -2.034964 -0.906100
-4.650219 -2.651212 -1.023177 1.401795 -2.028498 -0.903605
-4.636201 -2.671497 -1.032213 1.413105 -2.021981 -0.901087
-4.622070 -2.691717 -1.041224 1.424383 -2.015413 -0.898546
-4.607826 -2.711871 -1.050209 1.435628 -2.008795 -0.895983
-4.593470 -2.731959 -1.059169 1.446840 -2.002127 -0.893398
-4.579002 -2.751980 -1.068103 1.458019 -1.995408 -0.890790
-4.564421 -2.771934 -1.077011 1.469164 -1.988640 -0.888160
-4.549730 -2.791821 -1.085892 1.480276 -1.981821 -0.885508
-4.534927 -2.811639 -1.094748 1.491355 -1.974953 -0.882834
-4.520014 -2.831388 -1.103576 1.502399 -1.968034 -0.880138
-4.504990 -2.851069 -1.112377 1.513408 -1.961067 -0.877419
-4.489855 -2.870679 -1.121151 1.524383 -1.954050 -0.874678
-4.474612 -2.890220 -1.129898 1.535324 -1.946983 -0.871916
-4.459258 -2.909690 -1.138617 1.546229 -1.939867 -0.869131
-4.443796 -2.929088 -1.147309 1.557099 -1.932702 -0.866325
-4.428225 -2.948415 -1.155972 1.567933 -1.925489 -0.863497
-4.412546 -2.967670 -1.164607 1.578732 -1.918226 -0.860647
-4.396758 -2.986853 -1.173213 1.589494 -1.910915 -0.857775
-4.380864 -3.005962 -1.181791 1.600220 -1.903555 -0.854881
-4.364861 -3.024997 -1.190340 1.610910 -1.896147 -0.851966
-4.348752 -3.043959 -1.198860 1.621563 -1.888690 -0.849029
-4.332537 -3.062846 -1.207350 1.632179 -1.881185 -0.846071
-4.316215 -3.081657 -1.215811 1.642757 -1.873633 -0.843091
-4.299787 -3.100394 -1.224242 1.653298 -1.866032 -0.840090
-4.283254 -3.119054 -1.232642 1.663802 -1.858383 -0.837067
-4.266616 -3.137638 -1.241013 1.674267 -1.850687 -0.834023
-4.249874 -3.156145 -1.249353 1.684694 -1.842944 -0.830958
-4.233027 -3.174574 -1.257663 1.695082 -1.835153 -0.827871
-4.216076 -3.192926 -1.265942 1.705432 -1.827315 -0.824764
-4.199021 -3.211199 -1.274189 1.715743 -1.819430 -0.821635
-4.181864 -3.229393 -1.282406 1.726015 -1.811497 -0.818485
-4.164604 -3.247508 -1.290590 1.736247 -1.803519 -0.815314
-4.147241 -3.265543 -1.298744 1.746439 -1.795493 -0.812122
-4.129777 -3.283498 -1.306865 1.756592 -1.787421 -0.808910
-4.112211 -3.301373 -1.314954 1.766704 -1.779302 -0.805676
-4.094544 -3.319166 -1.323011 1.776776 -1.771138 -0.802422
-4.076776 -3.336877 -1.331035 1.786808 -1.762927 -0.799146
-4.058908 -3.354506 -1.339026 1.796798 -1.754670 -0.795851
-4.040940 -3.372053 -1.346985 1.806747 -1.746368 -0.792534
-4.022873 -3.389517 -1.354910 1.816655 -1.738020 -0.789197
-4.004706 -3.406897 -1.362802 1.826522 -1.729626 -0.785840
-3.986441 -3.424193 -1.370661 1.836346 -1.721187 -0.782462
-3.968078 -3.441405 -1.378485 1.846129 -1.712703 -0.779063
-3.949616 -3.458532 -1.386276 1.855869 -1.704174 -0.775645
-3.931058 -3.475574 -1.394032 1.865566 -1.695600 -0.772206
-3.912402 -3.492530 -1.401754 1.875221 -1.686982 -0.768746
-3.893650 -3.509399 -1.409442 1.884833 -1.678319 -0.765267
-3.874801 -3.526183 -1.417094 1.894401 -1.669611 -0.761768
-3.855857 -3.542879 -1.424712 1.903926 -1.660859 -0.758248
-3.836818 -3.559487 -1.432295 1.913408 -1.652063 -0.754709
-3.817684 -3.576008 -1.439842 1.922845 -1.643223 -0.751150
-3.798456 -3.592440 -1.447353 1.932238 -1.634340 -0.747571
-3.779133 -3.608784 -1.454829 1.941587 -1.625412 -0.743972
-3.759717 -3.625038 -1.462269 1.950891 -1.616442 -0.740353
-3.740208 -3.641202 -1.469672 1.960150 -1.607428 -0.736715
-3.720607 -3.657276 -1.477039 1.969364 -1.598370 -0.733057
-3.700913 -3.673260 -1.484370 1.978533 -1.589270 -0.729380
-3.681128 -3.689153 -1.491664 1.987656 -1.580127 -0.725683
-3.661251 -3.704954 -1.498920 1.996733 -1.570942 -0.721966
-3.641284 -3.720664 -1.506140 2.005764 -1.561714 -0.718231
-3.621226 -3.736281 -1.513322 2.014749 -1.552444 -0.714476
-3.601079 -3.751805 -1.520467 2.023687 -1.543131 -0.710702
-3.580842 -3.767236 -1.527574 2.032579 -1.533777 -0.706909
-3.560516 -3.782574 -1.534643 2.041423 -1.524381 -0.703097
-3.540102 -3.797818 -1.541674 2.050220 -1.514943 -0.699266
-3.519600 -3.812967 -1.548667 2.058970 -1.505464 -0.695416
-3.499010 -3.828022 -1.555621 2.067673 -1.495943 -0.691547
-3.478333 -3.842982 -1.562537 2.076327 -1.486381 -0.687659
-3.457570 -3.857845 -1.569413 2.084933 -1.476779 -0.683753
-3.436721 -3.872613 -1.576251 2.093491 -1.467136 -0.679828
-3.415786 -3.887284 -1.583049 2.102000 -1.457452 -0.675884
-3.394766 -3.901859 -1.589808 2.110461 -1.447728 -0.671922
-3.373661 -3.916336 -1.596527 2.118872 -1.437963 -0.667941
-3.352473 -3.930716 -1.603206 2.127234 -1.428159 -0.663942
-3.331200 -3.944997 -1.609846 2.135547 -1.418315 -0.659925
-3.309845 -3.959181 -1.616445 2.143810 -1.408431 -0.655890
-3.288407 -3.973265 -1.623004 2.152023 -1.398507 -0.651836
-3.266886 -3.987250 -1.629522 2.160185 -1.388544 -0.647765
-3.245285 -4.001135 -1.636000 2.168298 -1.378543 -0.643675
-3.223602 -4.014921 -1.642437 2.176360 -1.368502 -0.639568
-3.201838 -4.028606 -1.648832 2.184370 -1.358422 -0.635442
-3.179994 -4.042190 -1.655187 2.192330 -1.348304 -0.631299
-3.158071 -4.055673 -1.661500 2.200239 -1.338148 -0.627138
-3.136069 -4.069055 -1.667771 2.208096 -1.327953 -0.622960
-3.113988 -4.082334 -1.674001 2.215901 -1.317721 -0.618764
-3.091829 -4.095511 -1.680189 2.223655 -1.307451 -0.614551
-3.069592 -4.108586 -1.686334 2.231356 -1.297143 -0.610320
-3.047279 -4.121557 -1.692437 2.239005 -1.286797 -0.606072
-3.024888 -4.134425 -1.698498 2.246601 -1.276415 -0.601806
-3.002422 -4.147189 -1.704516 2.254144 -1.265995 -0.597524
-2.979881 -4.159849 -1.710491 2.261635 -1.255539 -0.593224
-2.957265 -4.172405 -1.716423 2.269072 -1.245046 -0.588908
-2.934574 -4.184855 -1.722313 2.276455 -1.234517 -0.584574
-2.911809 -4.197200 -1.728158 2.283785 -1.223951 -0.580224
-2.888972 -4.209440 -1.733961 2.291061 -1.213350 -0.575857
-2.866061 -4.221573 -1.739719 2.298283 -1.202712 -0.571474
-2.843078 -4.233601 -1.745434 2.305450 -1.192040 -0.567073
-2.820024 -4.245521 -1.751105 2.312563 -1.181331 -0.562657
-2.796898 -4.257334 -1.756731 2.319621 -1.170588 -0.558223
-2.773702 -4.269040 -1.762313 2.326624 -1.159809 -0.553774
-2.750436 -4.280638 -1.767851 2.333572 -1.148996 -0.549308
-2.727100 -4.292128 -1.773344 2.340464 -1.138148 -0.544826
-2.703695 -4.303510 -1.778792 2.347301 -1.127266 -0.540328
-2.680222 -4.314782 -1.784196 2.354082 -1.116350 -0.535814
-2.656681 -4.325946 -1.789554 2.360807 -1.105400 -0.531285
-2.633073 -4.337000 -1.794867 2.367475 -1.094416 -0.526739
-2.609399 -4.347944 -1.800134 2.374087 -1.083398 -0.522177
-2.585658 -4.358778 -1.805356 2.380643 -1.072348 -0.517600
-2.561851 -4.369501 -1.810532 2.387141 -1.061264 -0.513008
-2.537980 -4.380114 -1.815662 2.393582 -1.050147 -0.508400
-2.514044 -4.390616 -1.820746 2.399966 -1.038998 -0.503776
-2.490044 -4.401006 -1.825784 2.406293 -1.027816 -0.499137
-2.465981 -4.411284 -1.830775 2.412561 -1.016603 -0.494483
-2.441856 -4.421450 -1.835720 2.418772 -1.005357 -0.489814
-2.417668 -4.431503 -1.840618 2.424925 -0.994079 -0.485130
-2.393419 -4.441444 -1.845469 2.431019 -0.982770 -0.480431
-2.369109 -4.451272 -1.850274 2.437055 -0.971430 -0.475717
-2.344738 -4.460986 -1.855031 2.443032 -0.960059 -0.470989
-2.320308 -4.470587 -1.859741 2.448950 -0.948656 -0.466245
-2.295818 -4.480073 -1.864403 2.454808 -0.937224 -0.461488
-2.271270 -4.489445 -1.869018 2.460608 -0.925760 -0.456715
-2.246664 -4.498703 -1.873585 2.466347 -0.914267 -0.451929
-2.222001 -4.507846 -1.878105 2.472027 -0.902744 -0.447128
-2.197280 -4.516873 -1.882576 2.477648 -0.891191 -0.442313
-2.172504 -4.525785 -1.886999 2.483207 -0.879609 -0.437484
-2.147672 -4.534581 -1.891374 2.488707 -0.867997 -0.432640
-2.122785 -4.543261 -1.895700 2.494146 -0.856357 -0.427783
-2.097843 -4.551825 -1.899978 2.499524 -0.844687 -0.422912
-2.072848 -4.560272 -1.904207 2.504841 -0.832990 -0.418028
-2.047800 -4.568602 -1.908387 2.510097 -0.821264 -0.413130
-2.022699 -4.576814 -1.912519 2.515292 -0.809510 -0.408218
-1.997546 -4.584909 -1.916601 2.520425 -0.797728 -0.403293
-1.972342 -4.592887 -1.920634 2.525496 -0.785919 -0.398355
-1.947087 -4.600746 -1.924617 2.530505 -0.774082 -0.393403
-1.921782 -4.608487 -1.928551 2.535452 -0.762219 -0.388438
-1.896427 -4.616109 -1.932436 2.540337 -0.750328 -0.383461
-1.871024 -4.623612 -1.936270 2.545160 -0.738411 -0.378470
-1.845572 -4.630996 -1.940055 2.549919 -0.726468 -0.373467
-1.820073 -4.638261 -1.943790 2.554616 -0.714499 -0.368451
-1.794527 -4.645406 -1.947474 2.559250 -0.702504 -0.363422
-1.768934 -4.652431 -1.951109 2.563820 -0.690484 -0.358381
-1.743296 -4.659336 -1.954692 2.568327 -0.678438 -0.353328
-1.717613 -4.666120 -1.958226 2.572770 -0.666367 -0.348262
-1.691885 -4.672784 -1.961708 2.577150 -0.654272 -0.343184
-1.666114 -4.679326 -1.965140 2.581465 -0.642152 -0.338094
-1.640299 -4.685748 -1.968521 2.585717 -0.630007 -0.332992
-1.614442 -4.692048 -1.971851 2.589903 -0.617839 -0.327879
-1.588543 -4.698226 -1.975130 2.594026 -0.605647 -0.322753
-1.562602 -4.704283 -1.978357 2.598083 -0.593432 -0.317616
-1.536622 -4.710217 -1.981533 2.602076 -0.581193 -0.312467
-1.510601 -4.716029 -1.984658 2.606003 -0.568932 -0.307307
-1.484541 -4.721718 -1.987731 2.609866 -0.556647 -0.302136
-1.458442 -4.727285 -1.990753 2.613662 -0.544341 -0.296953
-1.432305 -4.732728 -1.993722 2.617394 -0.532012 -0.291760
-1.406132 -4.738048 -1.996640 2.621059 -0.519661 -0.286555
-1.379921 -4.743245 -1.999505 2.624658 -0.507289 -0.281340
-1.353674 -4.748318 -2.002319 2.628191 -0.494896 -0.276114
-1.327392 -4.753267 -2.005080 2.631658 -0.482481 -0.270877
-1.301076 -4.758092 -2.007788 2.635059 -0.470046 -0.265629
-1.274725 -4.762792 -2.010445 2.638392 -0.457590 -0.260372
-1.248341 -4.767368 -2.013049 2.641659 -0.445115 -0.255104
-1.221925 -4.771819 -2.015600 2.644859 -0.432619 -0.249825
-1.195476 -4.776145 -2.018098 2.647992 -0.420103 -0.244537
-1.168996 -4.780346 -2.020543 2.651057 -0.407568 -0.239239
-1.142486 -4.784422 -2.022936 2.654055 -0.395014 -0.233931
-1.115945 -4.788372 -2.025275 2.656985 -0.382442 -0.228613
-1.089375 -4.792197 -2.027561 2.659847 -0.369850 -0.223286
-1.062777 -4.795895 -2.029794 2.662641 -0.357241 -0.217949
-1.036150 -4.799468 -2.031973 2.665367 -0.344613 -0.212603
-1.009497 -4.802914 -2.034099 2.668025 -0.331968 -0.207248
-0.982817 -4.806233 -2.036172 2.670615 -0.319306 -0.201883
-0.956110 -4.809426 -2.038191 2.673135 -0.306626 -0.196510
-0.929379 -4.812493 -2.040156 2.675587 -0.293930 -0.191127
-0.902623 -4.815432 -2.042067 2.677970 -0.281217 -0.185736
-0.875843 -4.818244 -2.043924 2.680284 -0.268488 -0.180336
-0.849041 -4.820929 -2.045728 2.682529 -0.255743 -0.174928
-0.822215 -4.823487 -2.047477 2.684704 -0.242983 -0.169512
-0.795368 -4.825916 -2.049172 2.686809 -0.230207 -0.164087
-0.768500 -4.828218 -2.050813 2.688845 -0.217416 -0.158654
-0.741612 -4.830393 -2.052400 2.690811 -0.204611 -0.153213
-0.714704 -4.832439 -2.053932 2.692707 -0.191791 -0.147764
-0.687777 -4.834357 -2.055409 2.694533 -0.178957 -0.142307
-0.660831 -4.836146 -2.056832 2.696289 -0.166109 -0.136843
-0.633868 -4.837807 -2.058201 2.697974 -0.153247 -0.131371
-0.606889 -4.839340 -2.059515 2.699588 -0.140373 -0.125892
-0.579893 -4.840743 -2.060774 2.701132 -0.127485 -0.120406
-0.552881 -4.842018 -2.061978 2.702605 -0.114585 -0.114912
-0.525855 -4.843164 -2.063127 2.704007 -0.101673 -0.109412
-0.498815 -4.844181 -2.064221 2.705338 -0.088749 -0.103905
-0.471762 -4.845068 -2.065260 2.706598 -0.075813 -0.098391
-0.444696 -4.845827 -2.066244 2.707786 -0.062866 -0.092870
-0.417618 -4.846455 -2.067172 2.708902 -0.049908 -0.087343
-0.390529 -4.846954 -2.068046 2.709947 -0.036939 -0.081810
-0.363430 -4.847324 -2.068864 2.710920 -0.023960 -0.076270
-0.336320 -4.847563 -2.069627 2.711822 -0.010970 -0.070724
-0.309202 -4.847673 -2.070334 2.712651 0.002029 -0.065173
-0.282076 -4.847653 -2.070986 2.713408 0.015037 -0.059615
-0.254942 -4.847502 -2.071582 2.714092 0.028055 -0.054052
-0.227801 -4.847222 -2.072122 2.714704 0.041081 -0.048484
-0.200654 -4.846811 -2.072607 2.715244 0.054116 -0.042910
-0.173501 -4.846270 -2.073036 2.715711 0.067159 -0.037330
-0.146344 -4.845598 -2.073410 2.716105 0.080209 -0.031746
-0.119183 -4.844796 -2.073727 2.716426 0.093268 -0.026157
-0.092019 -4.843863 -2.073989 2.716675 0.106333 -0.020563
-0.064852 -4.842800 -2.074194 2.716850 0.119405 -0.014964
-0.037683 -4.841606 -2.074344 2.716951 0.132484 -0.009360
-0.010514 -4.840281 -2.074437 2.716980 0.145568 -0.003753
0.016656 -4.838826 -2.074475 2.716935 0.158659 0.001860
0.043825 -4.837239 -2.074456 2.716816 0.171755 0.007476
0.070993 -4.835521 -2.074382 2.716624 0.184856 0.013096
0.098160 -4.833673 -2.074251 2.716358 0.197962 0.018720
0.125323 -4.831693 -2.074063 2.716018 0.211072 0.024348
0.152483 -4.829582 -2.073820 2.715604 0.224187 0.029979
0.179639 -4.827341 -2.073520 2.715115 0.237305 0.035614
0.206791 -4.824968 -2.073164 2.714553 0.250427 0.041252
0.233936 -4.822463 -2.072752 2.713916 0.263552 0.046894
0.261075 -4.819828 -2.072283 2.713205 0.276680 0.052538
0.288207 -4.817061 -2.071757 2.712420 0.289810 0.058185
0.315331 -4.814163 -2.071175 2.711560 0.302942 0.063835
0.342447 -4.811133 -2.070537 2.710625 0.316076 0.069487
0.369553 -4.807973 -2.069842 2.709615 0.329211 0.075142
0.396649 -4.804681 -2.069091 2.708531 0.342347 0.080799
0.423735 -4.801257 -2.068283 2.707371 0.355484 0.086458
0.450808 -4.797702 -2.067418 2.706137 0.368621 0.092119
0.477870 -4.794016 -2.066497 2.704827 0.381758 0.097782
0.504918 -4.790198 -2.065519 2.703443 0.394895 0.103446
0.531953 -4.786250 -2.064485 2.701983 0.408031 0.109112
0.558972 -4.782169 -2.063394 2.700447 0.421166 0.114780
0.585977 -4.777958 -2.062246 2.698837 0.434300 0.120448
0.612965 -4.773615 -2.061041 2.697150 0.447431 0.126118
0.639937 -4.769140 -2.059780 2.695389 0.460561 0.131789
0.666891 -4.764535 -2.058462 2.693551 0.473688 0.137460
0.693826 -4.759798 -2.057088 2.691638 0.486812 0.143132
0.720742 -4.754930 -2.055656 2.689649 0.499933 0.148804
0.747639 -4.749930 -2.054168 2.687585 0.513050 0.154477
0.774515 -4.744800 -2.052624 2.685444 0.526163 0.160150
0.801369 -4.739538 -2.051022 2.683228 0.539272 0.165823
0.828202 -4.734145 -2.049364 2.680935 0.552376 0.171495
0.855011 -4.728622 -2.047649 2.678567 0.565475 0.177167
0.881797 -4.722967 -2.045877 2.676122 0.578568 0.182839
0.908558 -4.717181 -2.044049 2.673601 0.591656 0.188510
0.935294 -4.711265 -2.042164 2.671004 0.604737 0.194181
0.962004 -4.705217 -2.040222 2.668331 0.617812 0.199850
0.988687 -4.699039 -2.038223 2.665582 0.630880 0.205518
1.015343 -4.692730 -2.036168 2.662756 0.643941 0.211185
1.041971 -4.686291 -2.034056 2.659854 0.656994 0.216851
1.068569 -4.679721 -2.031888 2.656875 0.670039 0.222515
1.095138 -4.673021 -2.029663 2.653820 0.683075 0.228177
1.121676 -4.666190 -2.027381 2.650688 0.696103 0.233837
1.148183 -4.659229 -2.025043 2.647480 0.709121 0.239496
1.174658 -4.652138 -2.022648 2.644195 0.722130 0.245152
1.201100 -4.644916 -2.020196 2.640834 0.735129 0.250805
1.227508 -4.637565 -2.017688 2.637396 0.748118 0.256456
1.253882 -4.630084 -2.015123 2.633882 0.761095 0.262104
1.280221 -4.622473 -2.012502 2.630290 0.774062 0.267750
1.306524 -4.614732 -2.009825 2.626622 0.787017 0.273392
1.332790 -4.606862 -2.007091 2.622878 0.799961 0.279031
1.359019 -4.598863 -2.004301 2.619057 0.812892 0.284667
1.385209 -4.590734 -2.001454 2.615159 0.825810 0.290299
1.411361 -4.582476 -1.998551 2.611184 0.838715 0.295927
1.437473 -4.574088 -1.995592 2.607132 0.851607 0.301552
1.463544 -4.565572 -1.992576 2.603004 0.864486 0.307172
1.489574 -4.556927 -1.989504 2.598799 0.877350 0.312789
1.515562 -4.548154 -1.986377 2.594517 0.890199 0.318400
1.541507 -4.539252 -1.983193 2.590159 0.903033 0.324008
1.567409 -4.530222 -1.979952 2.585724 0.915852 0.329610
1.593266 -4.521063 -1.976656 2.581212 0.928655 0.335208
1.619078 -4.511777 -1.973304 2.576623 0.941442 0.340801
1.644844 -4.502362 -1.969896 2.571958 0.954213 0.346388
1.670564 -4.492820 -1.966432 2.567215 0.966966 0.351970
1.696236 -4.483150 -1.962913 2.562397 0.979703 0.357547
1.721860 -4.473353 -1.959337 2.557501 0.992421 0.363117
1.747435 -4.463429 -1.955706 2.552529 1.005121 0.368682
1.772960 -4.453378 -1.952019 2.547480 1.017803 0.374241
1.798435 -4.443200 -1.948277 2.542355 1.030466 0.379793
1.823859 -4.432895 -1.944479 2.537153 1.043109 0.385339
1.849230 -4.422464 -1.940626 2.531874 1.055733 0.390879
1.874549 -4.411907 -1.936717 2.526519 1.068337 0.396411
1.899814 -4.401223 -1.932753 2.521088 1.080920 0.401937
1.925025 -4.390414 -1.928733 2.515580 1.093482 0.407456
1.950181 -4.379479 -1.924659 2.509995 1.106023 0.412967
1.975281 -4.368419 -1.920529 2.504334 1.118542 0.418471
2.000324 -4.357234 -1.916344 2.498597 1.131039 0.423967
2.025310 -4.345923 -1.912105 2.492784 1.143513 0.429455
2.050238 -4.334488 -1.907810 2.486894 1.155964 0.434936
2.075107 -4.322929 -1.903461 2.480929 1.168392 0.440408
2.099916 -4.311245 -1.899057 2.474887 1.180796 0.445872
2.124665 -4.299437 -1.894598 2.468769 1.193176 0.451327
2.149353 -4.287505 -1.890085 2.462575 1.205532 0.456774
2.173979 -4.275450 -1.885517 2.456305 1.217862 0.462212
2.198542 -4.263271 -1.880895 2.449960 1.230167 0.467641
2.223041 -4.250969 -1.876218 2.443538 1.242447 0.473060
2.247477 -4.238545 -1.871488 2.437041 1.254700 0.478471
2.271847 -4.225998 -1.866703 2.430468 1.266926 0.483871
2.296152 -4.213329 -1.861864 2.423820 1.279125 0.489262
2.320390 -4.200537 -1.856972 2.417096 1.291297 0.494643
2.344561 -4.187624 -1.852025 2.410297 1.303441 0.500014
2.368664 -4.174590 -1.847025 2.403422 1.315557 0.505375
2.392698 -4.161434 -1.841971 2.396473 1.327644 0.510725
2.416663 -4.148158 -1.836864 2.389448 1.339702 0.516064
2.440557 -4.134761 -1.831704 2.382348 1.351731 0.521393
2.464381 -4.121244 -1.826490 2.375173 1.363730 0.526711
2.488132 -4.107606 -1.821223 2.367923 1.375698 0.532017
2.511812 -4.093849 -1.815902 2.360599 1.387636 0.537312
2.535418 -4.079973 -1.810529 2.353200 1.399542 0.542596
2.558950 -4.065978 -1.805103 2.345726 1.411417 0.547868
2.582407 -4.051863 -1.799625 2.338178 1.423260 0.553128
2.605789 -4.037631 -1.794093 2.330556 1.435071 0.558376
2.629094 -4.023280 -1.788510 2.322860 1.446848 0.563611
2.652323 -4.008812 -1.782873 2.315089 1.458593 0.568835
2.675474 -3.994226 -1.777185 2.307245 1.470304 0.574045
2.698546 -3.979523 -1.771445 2.299327 1.481981 0.579243
2.721539 -3.964703 -1.765652 2.291335 1.493623 0.584428
2.744453 -3.949767 -1.759808 2.283269 1.505231 0.589600
2.767285 -3.934714 -1.753912 2.275130 1.516803 0.594758
2.790037 -3.919546 -1.747964 2.266918 1.528340 0.599903
2.812706 -3.904263 -1.741965 2.258633 1.539841 0.605034
2.835292 -3.888864 -1.735915 2.250275 1.551305 0.610152
2.857795 -3.873351 -1.729813 2.241844 1.562732 0.615255
2.880213 -3.857724 -1.723661 2.233340 1.574122 0.620344
2.902547 -3.841983 -1.717457 2.224764 1.585474 0.625419
2.924795 -3.826128 -1.711203 2.216115 1.596788 0.630479
2.946956 -3.810160 -1.704898 2.207394 1.608063 0.635524
2.969030 -3.794080 -1.698543 2.198601 1.619299 0.640554
2.991016 -3.777887 -1.692138 2.189737 1.630496 0.645570
3.012913 -3.761582 -1.685682 2.180800 1.641653 0.650569
3.034721 -3.745165 -1.679176 2.171792 1.652770 0.655554
3.056439 -3.728637 -1.672621 2.162713 1.663846 0.660522
3.078066 -3.711999 -1.666016 2.153562 1.674882 0.665475
3.099602 -3.695250 -1.659361 2.144340 1.685875 0.670412
3.121045 -3.678391 -1.652657 2.135048 1.696827 0.675333
3.142396 -3.661423 -1.645903 2.125685 1.707737 0.680237
3.163652 -3.644346 -1.639101 2.116251 1.718604 0.685124
3.184815 -3.627160 -1.632250 2.106747 1.729428 0.689995
3.205882 -3.609865 -1.625350 2.097174 1.740208 0.694849
3.226854 -3.592463 -1.618401 2.087530 1.750944 0.699686
3.247729 -3.574954 -1.611404 2.077816 1.761636 0.704505
3.268508 -3.557338 -1.604359 2.068034 1.772284 0.709307
3.289188 -3.539615 -1.597266 2.058182 1.782886 0.714091
3.309770 -3.521786 -1.590125 2.048261 1.793442 0.718858
3.330252 -3.503851 -1.582937 2.038271 1.803953 0.723606
3.350635 -3.485812 -1.575701 2.028212 1.814417 0.728336
3.370917 -3.467668 -1.568417 2.018085 1.824835 0.733048
3.391098 -3.449419 -1.561087 2.007890 1.835205 0.737741
3.411177 -3.431067 -1.553710 1.997627 1.845528 0.742416
3.431153 -3.412612 -1.546285 1.987297 1.855803 0.747071
3.451026 -3.394054 -1.538815 1.976899 1.866029 0.751708
3.470795 -3.375394 -1.531298 1.966434 1.876207 0.756325
3.490459 -3.356632 -1.523734 1.955901 1.886335 0.760923
3.510019 -3.337768 -1.516125 1.945303 1.896414 0.765501
3.529472 -3.318804 -1.508470 1.934637 1.906442 0.770059
3.548818 -3.299740 -1.500769 1.923906 1.916421 0.774598
3.568057 -3.280576 -1.493024 1.913108 1.926348 0.779116
3.587188 -3.261312 -1.485232 1.902245 1.936225 0.783614
3.606210 -3.241950 -1.477396 1.891316 1.946050 0.788091
3.625124 -3.222489 -1.469515 1.880322 1.955823 0.792547
3.643927 -3.202931 -1.461590 1.869263 1.965543 0.796983
3.662619 -3.183276 -1.453620 1.858140 1.975211 0.801398
3.681201 -3.163524 -1.445606 1.846952 1.984825 0.805791
3.699670 -3.143675 -1.437548 1.835700 1.994386 0.810163
3.718027 -3.123731 -1.429446 1.824384 2.003893 0.814514
3.736271 -3.103692 -1.421301 1.813005 2.013346 0.818843
3.754401 -3.083559 -1.413113 1.801562 2.022744 0.823149
3.772417 -3.063332 -1.404881 1.790057 2.032087 0.827434
3.790317 -3.043011 -1.396607 1.778489 2.041374 0.831697
3.808102 -3.022597 -1.388290 1.766858 2.050605 0.835937
3.825771 -3.002091 -1.379931 1.755166 2.059781 0.840154
3.843323 -2.981493 -1.371529 1.743412 2.068899 0.844349
3.860757 -2.960804 -1.363086 1.731596 2.077961 0.848520
3.878073 -2.940025 -1.354601 1.719719 2.086965 0.852669
3.895270 -2.919155 -1.346074 1.707781 2.095911 0.856794
3.912348 -2.898196 -1.337506 1.695783 2.104799 0.860896
3.929306 -2.877148 -1.328897 1.683725 2.113628 0.864974
3.946143 -2.856012 -1.320247 1.671606 2.122399 0.869029
3.962859 -2.834788 -1.311557 1.659429 2.131110 0.873059
3.979453 -2.813476 -1.302826 1.647192 2.139762 0.877065
3.995925 -2.792079 -1.294056 1.634896 2.148353 0.881047
4.012274 -2.770595 -1.285245 1.622541 2.156884 0.885005
4.028499 -2.749026 -1.276395 1.610129 2.165355 0.888937
4.044601 -2.727373 -1.267506 1.597658 2.173764 0.892845
4.060577 -2.705635 -1.258577 1.585130 2.182112 0.896729
4.076429 -2.683814 -1.249610 1.572545 2.190397 0.900586
4.092154 -2.661910 -1.240604 1.559903 2.198621 0.904419
4.107753 -2.639924 -1.231560 1.547204 2.206782 0.908226
4.123225 -2.617856 -1.222478 1.534450 2.214880 0.912008
4.138570 -2.595707 -1.213358 1.521639 2.222914 0.915764
4.153786 -2.573478 -1.204200 1.508774 2.230885 0.919493
4.168874 -2.551169 -1.195005 1.495853 2.238792 0.923197
4.183832 -2.528781 -1.185773 1.482878 2.246635 0.926875
4.198661 -2.506315 -1.176504 1.469848 2.254412 0.930526
4.213360 -2.483771 -1.167199 1.456765 2.262125 0.934150
4.227927 -2.461150 -1.157858 1.443628 2.269772 0.937748
4.242363 -2.438452 -1.148480 1.430438 2.277354 0.941318
4.256668 -2.415678 -1.139067 1.417195 2.284869 0.944862
4.270840 -2.392830 -1.129618 1.403900 2.292318 0.948379
4.284879 -2.369907 -1.120135 1.390553 2.299700 0.951868
4.298784 -2.346910 -1.110616 1.377154 2.307015 0.955329
4.312556 -2.323839 -1.101063 1.363704 2.314263 0.958763
4.326193 -2.300697 -1.091475 1.350203 2.321442 0.962170
4.339695 -2.277482 -1.081853 1.336653 2.328554 0.965548
4.353061 -2.254197 -1.072198 1.323052 2.335597 0.968898
4.366292 -2.230841 -1.062509 1.309401 2.342571 0.972219
4.379386 -2.207415 -1.052787 1.295702 2.349477 0.975513
4.392343 -2.183920 -1.043031 1.281953 2.356312 0.978778
4.405163 -2.160357 -1.033244 1.268157 2.363078 0.982014
4.417844 -2.136726 -1.023424 1.254313 2.369774 0.985221
4.430387 -2.113029 -1.013571 1.240421 2.376400 0.988399
4.442791 -2.089265 -1.003687 1.226482 2.382955 0.991548
4.455056 -2.065435 -0.993772 1.212497 2.389438 0.994667
4.467181 -2.041541 -0.983825 1.198465 2.395851 0.997758
4.479166 -2.017582 -0.973848 1.184388 2.402192 1.000818
4.491010 -1.993560 -0.963839 1.170266 2.408461 1.003849
4.502712 -1.969476 -0.953801 1.156099 2.414657 1.006850
4.514273 -1.945329 -0.943732 1.141887 2.420782 1.009821
4.525692 -1.921121 -0.933634 1.127631 2.426833 1.012762
4.536969 -1.896853 -0.923507 1.113332 2.432811 1.015673
4.548102 -1.872525 -0.913350 1.098991 2.438716 1.018553
4.559092 -1.848138 -0.903164 1.084606 2.444547 1.021402
4.569938 -1.823692 -0.892950 1.070179 2.450304 1.024221
4.580640 -1.799189 -0.882708 1.055711 2.455987 1.027009
4.591197 -1.774629 -0.872438 1.041202 2.461595 1.029766
4.601609 -1.750013 -0.862140 1.026652 2.467129 1.032492
4.611875 -1.725342 -0.851815 1.012062 2.472587 1.035187
4.621996 -1.700616 -0.841464 0.997432 2.477970 1.037851
4.631970 -1.675837 -0.831085 0.982762 2.483277 1.040483
4.641798 -1.651004 -0.820680 0.968054 2.488509 1.043083
4.651478 -1.626119 -0.810249 0.953308 2.493664 1.045652
4.661011 -1.601182 -0.799793 0.938524 2.498743 1.048189
4.670397 -1.576195 -0.789311 0.923702 2.503745 1.050694
4.679634 -1.551157 -0.778804 0.908844 2.508670 1.053166
4.688722 -1.526070 -0.768272 0.893949 2.513518 1.055607
4.697662 -1.500935 -0.757716 0.879019 2.518288 1.058015
4.706452 -1.475752 -0.747136 0.864053 2.522981 1.060391
4.715092 -1.450523 -0.736532 0.849052 2.527596 1.062734
4.723583 -1.425247 -0.725905 0.834017 2.532132 1.065045
4.731923 -1.399925 -0.715254 0.818948 2.536590 1.067322
4.740113 -1.374559 -0.704581 0.803846 2.540970 1.069567
4.748151 -1.349150 -0.693886 0.788711 2.545270 1.071779
4.756038 -1.323697 -0.683168 0.773544 2.549491 1.073958
4.763774 -1.298202 -0.672428 0.758345 2.553633 1.076103
4.771357 -1.272666 -0.661667 0.743114 2.557696 1.078215
4.778788 -1.247089 -0.650885 0.727853 2.561678 1.080294
4.786067 -1.221472 -0.640082 0.712562 2.565581 1.082339
4.793192 -1.195816 -0.629259 0.697241 2.569403 1.084350
4.800165 -1.170122 -0.618415 0.681890 2.573145 1.086328
4.806984 -1.144391 -0.607552 0.666511 2.576806 1.088272
4.813649 -1.118623 -0.596669 0.651104 2.580387 1.090181
4.820160 -1.092819 -0.585767 0.635670 2.583886 1.092057
4.826517 -1.066980 -0.574847 0.620208 2.587304 1.093899
4.832719 -1.041107 -0.563908 0.604720 2.590641 1.095706
4.838766 -1.015201 -0.552951 0.589205 2.593896 1.097479
4.844658 -0.989262 -0.541976 0.573666 2.597069 1.099217
4.850394 -0.963291 -0.530984 0.558101 2.600160 1.100921
4.855976 -0.937289 -0.519975 0.542512 2.603169 1.102590
4.861401 -0.911258 -0.508949 0.526900 2.606096 1.104225
4.866670 -0.885197 -0.497906 0.511264 2.608940 1.105825
4.871782 -0.859107 -0.486848 0.495605 2.611701 1.107389
4.876738 -0.832990 -0.475774 0.479924 2.614379 1.108919
4.881538 -0.806846 -0.464685 0.464222 2.616975 1.110414
4.886180 -0.780677 -0.453581 0.448498 2.619487 1.111874
4.890665 -0.754482 -0.442462 0.432754 2.621916 1.113298
4.894992 -0.728263 -0.431329 0.416990 2.624261 1.114687
4.899162 -0.702020 -0.420182 0.401207 2.626523 1.116041
4.903174 -0.675755 -0.409022 0.385405 2.628701 1.117359
4.907028 -0.649468 -0.397848 0.369585 2.630794 1.118642
4.910724 -0.623160 -0.386662 0.353747 2.632804 1.119889
4.914262 -0.596832 -0.375463 0.337892 2.634730 1.121100
4.917641 -0.570485 -0.364252 0.322020 2.636571 1.122276
4.920861 -0.544119 -0.353029 0.306132 2.638328 1.123415
4.923922 -0.517736 -0.341795 0.290229 2.640000 1.124519
4.926824 -0.491336 -0.330550 0.274312 2.641587 1.125587
4.929567 -0.464920 -0.319294 0.258380 2.643090 1.126619
4.932151 -0.438489 -0.308028 0.242434 2.644508 1.127615
4.934576 -0.412044 -0.296752 0.226475 2.645840 1.128575
4.936840 -0.385585 -0.285466 0.210504 2.647088 1.129498
4.938945 -0.359114 -0.274171 0.194521 2.648250 1.130386
4.940891 -0.332632 -0.262867 0.178526 2.649327 1.131236
4.942676 -0.306139 -0.251555 0.162521 2.650318 1.132051
4.944301 -0.279635 -0.240234 0.146506 2.651224 1.132829
4.945766 -0.253123 -0.228906 0.130481 2.652044 1.133571
4.947071 -0.226603 -0.217570 0.114447 2.652778 1.134276
4.948215 -0.200075 -0.206228 0.098404 2.653427 1.134945
4.949199 -0.173541 -0.194878 0.082354 2.653990 1.135577
4.950023 -0.147001 -0.183522 0.066297 2.654467 1.136172
4.950686 -0.120456 -0.172161 0.050233 2.654857 1.136731
4.951188 -0.093908 -0.160793 0.034162 2.655162 1.137252
4.951530 -0.067356 -0.149421 0.018087 2.655381 1.137738
4.951711 -0.040802 -0.138043 0.002006 2.655513 1.138186
4.951731 -0.014247 -0.126662 -0.014078 2.655560 1.138597
4.951590 0.012309 -0.115276 -0.030167 2.655520 1.138972
4.951288 0.038864 -0.103886 -0.046258 2.655393 1.139310
4.950826 0.065418 -0.092493 -0.062352 2.655181 1.139610
4.950202 0.091970 -0.081097 -0.078448 2.654882 1.139874
4.949418 0.118518 -0.069698 -0.094545 2.654496 1.140101
4.948472 0.145063 -0.058297 -0.110643 2.654024 1.140290
4.947366 0.171604 -0.046894 -0.126741 2.653466 1.140443
4.946099 0.198138 -0.035490 -0.142839 2.652821 1.140558
4.944670 0.224666 -0.024084 -0.158935 2.652090 1.140637
4.943081 0.251187 -0.012678 -0.175029 2.651272 1.140678
4.941330 0.277700 -0.001271 -0.191122 2.650367 1.140682
4.939419 0.304204 0.010136 -0.207211 2.649377 1.140649
4.937347 0.330697 0.021542 -0.223297 2.648299 1.140579
4.935114 0.357180 0.032948 -0.239379 2.647135 1.140472
4.932720 0.383652 0.044353 -0.255456 2.645885 1.140327
4.930166 0.410111 0.055756 -0.271527 2.644548 1.140145
4.927451 0.436556 0.067158 -0.287593 2.643125 1.139926
4.924575 0.462987 0.078557 -0.303652 2.641615 1.139670
4.921538 0.489404 0.089954 -0.319705 2.640019 1.139377
4.918341 0.515804 0.101347 -0.335749 2.638336 1.139046
4.914984 0.542187 0.112738 -0.351785 2.636567 1.138678
4.911466 0.568553 0.124125 -0.367812 2.634712 1.138273
4.907788 0.594900 0.135507 -0.383830 2.632770 1.137831
4.903949 0.621228 0.146886 -0.399837 2.630742 1.137351
4.899951 0.647535 0.158259 -0.415834 2.628628 1.136835
4.895793 0.673821 0.169628 -0.431819 2.626428 1.136281
4.891474 0.700086 0.180990 -0.447793 2.624142 1.135690
4.886996 0.726327 0.192347 -0.463753 2.621770 1.135062
4.882359 0.752545 0.203698 -0.479701 2.619312 1.134396
4.877562 0.778738 0.215042 -0.495635 2.616768 1.133694
4.872606 0.804905 0.226379 -0.511555 2.614138 1.132954
4.867490 0.831047 0.237708 -0.527459 2.611422 1.132178
4.862215 0.857161 0.249030 -0.543348 2.608621 1.131364
4.856782 0.883247 0.260344 -0.559221 2.605735 1.130513
4.851190 0.909305 0.271649 -0.575077 2.602763 1.129625
4.845439 0.935332 0.282945 -0.590916 2.599705 1.128700
4.839530 0.961329 0.294232 -0.606737 2.596563 1.127738
4.833462 0.987295 0.305509 -0.622539 2.593335 1.126739
4.827237 1.013228 0.316777 -0.638323 2.590022 1.125704
4.820854 1.039128 0.328034 -0.654086 2.586624 1.124631
4.814313 1.064995 0.339280 -0.669829 2.583142 1.123522
4.807615 1.090826 0.350515 -0.685551 2.579574 1.122375
4.800759 1.116622 0.361739 -0.701252 2.575922 1.121192
4.793747 1.142381 0.372951 -0.716931 2.572186 1.119972
4.786577 1.168103 0.384151 -0.732586 2.568365 1.118716
4.779251 1.193787 0.395338 -0.748219 2.564461 1.117423
4.771769 1.219431 0.406512 -0.763828 2.560472 1.116093
4.764131 1.245036 0.417673 -0.779412 2.556399 1.114727
4.756337 1.270600 0.428820 -0.794971 2.552243 1.113324
4.748387 1.296122 0.439954 -0.810505 2.548003 1.111885
4.740282 1.321602 0.451073 -0.826012 2.543679 1.110409
4.732022 1.347039 0.462177 -0.841492 2.539272 1.108897
4.723607 1.372432 0.473266 -0.856945 2.534783 1.107349
4.715038 1.397780 0.484339 -0.872370 2.530210 1.105765
4.706314 1.423082 0.495397 -0.887767 2.525554 1.104144
4.697436 1.448337 0.506438 -0.903134 2.520816 1.102487
4.688405 1.473546 0.517463 -0.918472 2.515996 1.100794
4.679220 1.498706 0.528471 -0.933779 2.511093 1.099065
4.669882 1.523816 0.539462 -0.949056 2.506108 1.097301
4.660392 1.548878 0.550435 -0.964301 2.501041 1.095500
4.650749 1.573888 0.561390 -0.979514 2.495893 1.093664
4.640954 1.598847 0.572326 -0.994695 2.490663 1.091792
4.631007 1.623753 0.583244 -1.009842 2.485352 1.089884
4.620908 1.648607 0.594143 -1.024956 2.479960 1.087941
4.610659 1.673407 0.605022 -1.040035 2.474487 1.085962
4.600258 1.698151 0.615882 -1.055080 2.468933 1.083948
4.589708 1.722841 0.626722 -1.070089 2.463299 1.081898
4.579007 1.747474 0.637541 -1.085062 2.457585 1.079814
4.568156 1.772050 0.648339 -1.099999 2.451791 1.077694
4.557156 1.796568 0.659116 -1.114898 2.445917 1.075539
4.546007 1.821027 0.669871 -1.129760 2.439964 1.073349
4.534710 1.845426 0.680604 -1.144584 2.433931 1.071124
4.523264 1.869766 0.691316 -1.159369 2.427819 1.068864
4.511670 1.894044 0.702004 -1.174115 2.421629 1.066570
4.499929 1.918260 0.712670 -1.188821 2.415360 1.064241
4.488041 1.942414 0.723312 -1.203487 2.409013 1.061877
4.476006 1.966504 0.733931 -1.218111 2.402588 1.059479
4.463825 1.990530 0.744526 -1.232695 2.396084 1.057047
4.451498 2.014491 0.755096 -1.247236 2.389504 1.054580
4.439025 2.038386 0.765642 -1.261735 2.382846 1.052079
4.426408 2.062214 0.776163 -1.276190 2.376111 1.049545
4.413646 2.085975 0.786659 -1.290602 2.369300 1.046976
4.400740 2.109668 0.797128 -1.304970 2.362412 1.044373
4.387690 2.133292 0.807572 -1.319294 2.355448 1.041737
4.374497 2.156847 0.817989 -1.333572 2.348408 1.039067
4.361162 2.180331 0.828380 -1.347805 2.341293 1.036364
4.347684 2.203744 0.838744 -1.361991 2.334102 1.033627
4.334064 2.227085 0.849080 -1.376131 2.326836 1.030857
4.320302 2.250353 0.859389 -1.390223 2.319496 1.028054
4.306400 2.273548 0.869669 -1.404268 2.312081 1.025217
4.292358 2.296669 0.879921 -1.418264 2.304592 1.022348
4.278175 2.319715 0.890145 -1.432212 2.297029 1.019446
4.263853 2.342685 0.900339 -1.446110 2.289393 1.016511
4.249392 2.365579 0.910504 -1.459959 2.281684 1.013544
4.234792 2.388396 0.920640 -1.473757 2.273901 1.010544
4.220055 2.411135 0.930745 -1.487505 2.266047 1.007512
4.205179 2.433795 0.940820 -1.501201 2.258120 1.004448
4.190167 2.456377 0.950865 -1.514846 2.250121 1.001352
4.175019 2.478878 0.960878 -1.528439 2.242051 0.998223
4.159735 2.501298 0.970861 -1.541978 2.233909 0.995063
4.144315 2.523637 0.980811 -1.555465 2.225696 0.991871
4.128760 2.545894 0.990730 -1.568898 2.217413 0.988648
4.113071 2.568069 1.000616 -1.582277 2.209060 0.985393
4.097248 2.590159 1.010470 -1.595601 2.200637 0.982107
4.081292 2.612166 1.020291 -1.608870 2.192144 0.978790
4.065204 2.634087 1.030079 -1.622083 2.183582 0.975442
4.048983 2.655923 1.039834 -1.635241 2.174952 0.972063
4.032631 2.677672 1.049554 -1.648342 2.166253 0.968653
4.016147 2.699335 1.059241 -1.661386 2.157485 0.965213
3.999533 2.720910 1.068893 -1.674373 2.148650 0.961742
3.982789 2.742396 1.078510 -1.687302 2.139748 0.958241
3.965916 2.763794 1.088093 -1.700172 2.130779 0.954710
3.948915 2.785101 1.097640 -1.712984 2.121743 0.951149
3.931785 2.806319 1.107151 -1.725737 2.112640 0.947558
3.914528 2.827445 1.116627 -1.738430 2.103472 0.943937
3.897143 2.848480 1.126066 -1.751063 2.094239 0.940286
3.879633 2.869422 1.135469 -1.763636 2.084940 0.936607
3.861996 2.890272 1.144835 -1.776147 2.075576 0.932898
3.844235 2.911028 1.154164 -1.788598 2.066148 0.929160
3.826349 2.931689 1.163456 -1.800986 2.056656 0.925393
3.808339 2.952256 1.172710 -1.813313 2.047101 0.921597
3.790206 2.972727 1.181926 -1.825577 2.037482 0.917773
3.771950 2.993101 1.191103 -1.837778 2.027800 0.913920
3.753572 3.013379 1.200243 -1.849915 2.018056 0.910039
3.735073 3.033560 1.209343 -1.861989 2.008250 0.906130
3.716453 3.053642 1.218404 -1.873998 1.998383 0.902193
3.697713 3.073626 1.227426 -1.885943 1.988454 0.898228
3.678854 3.093511 1.236409 -1.897823 1.978464 0.894235
3.659876 3.113295 1.245351 -1.909637 1.968414 0.890215
3.640779 3.132980 1.254253 -1.921386 1.958304 0.886167
3.621565 3.152563 1.263115 -1.933068 1.948135 0.882093
3.602235 3.172044 1.271936 -1.944684 1.937906 0.877991
3.582788 3.191423 1.280716 -1.956233 1.927618 0.873863
3.563225 3.210699 1.289454 -1.967715 1.917273 0.869708
3.543548 3.229872 1.298151 -1.979129 1.906869 0.865527
3.523757 3.248941 1.306807 -1.990475 1.896408 0.861319
3.503852 3.267905 1.315420 -2.001753 1.885890 0.857085
3.483835 3.286764 1.323991 -2.012961 1.875315 0.852825
3.463705 3.305517 1.332519 -2.024101 1.864684 0.848540
3.443464 3.324164 1.341004 -2.035171 1.853997 0.844229
3.423112 3.342704 1.349447 -2.046172 1.843255 0.839892
3.402651 3.361136 1.357845 -2.057102 1.832458 0.835530
3.382080 3.379461 1.366201 -2.067962 1.821607 0.831143
3.361400 3.397677 1.374512 -2.078751 1.810702 0.826732
3.340613 3.415784 1.382779 -2.089468 1.799743 0.822295
3.319718 3.433781 1.391002 -2.100115 1.788731 0.817834
3.298717 3.451669 1.399181 -2.110689 1.777666 0.813349
3.277610 3.469445 1.407314 -2.121191 1.766549 0.808840
3.256398 3.487111 1.415403 -2.131621 1.755380 0.804306
3.235082 3.504665 1.423446 -2.141978 1.744160 0.799749
3.213662 3.522106 1.431443 -2.152262 1.732889 0.795169
3.192139 3.539435 1.439395 -2.162473 1.721568 0.790565
3.170515 3.556651 1.447301 -2.172609 1.710197 0.785937
3.148788 3.573753 1.455160 -2.182672 1.698776 0.781287
3.126962 3.590740 1.462973 -2.192661 1.687306 0.776614
3.105035 3.607614 1.470739 -2.202575 1.675787 0.771918
3.083009 3.624371 1.478458 -2.212414 1.664221 0.767200
3.060885 3.641014 1.486130 -2.222178 1.652606 0.762459
3.038664 3.657540 1.493755 -2.231866 1.640944 0.757696
3.016345 3.673949 1.501332 -2.241479 1.629236 0.752912
2.993930 3.690241 1.508861 -2.251015 1.617481 0.748106
2.971420 3.706416 1.516342 -2.260476 1.605681 0.743278
2.948815 3.722473 1.523775 -2.269860 1.593835 0.738429
2.926117 3.738411 1.531159 -2.279167 1.581944 0.733559
2.903325 3.754231 1.538494 -2.288397 1.570009 0.728667
2.880441 3.769931 1.545781 -2.297550 1.558030 0.723756
2.857465 3.785511 1.553019 -2.306625 1.546007 0.718823
2.834399 3.800971 1.560207 -2.315622 1.533942 0.713871
2.811243 3.816311 1.567346 -2.324542 1.521833 0.708898
2.787998 3.831529 1.574435 -2.333383 1.509683 0.703905
2.764664 3.846626 1.581474 -2.342145 1.497491 0.698893
2.741242 3.861601 1.588463 -2.350829 1.485258 0.693861
2.717734 3.876453 1.595401 -2.359434 1.472985 0.688809
2.694140 3.891183 1.602289 -2.367960 1.460671 0.683739
2.670460 3.905790 1.609127 -2.376406 1.448317 0.678649
2.646696 3.920273 1.615913 -2.384773 1.435925 0.673541
2.622848 3.934632 1.622649 -2.393059 1.423493 0.668414
2.598918 3.948867 1.629333 -2.401266 1.411024 0.663269
2.574905 3.962978 1.635965 -2.409393 1.398516 0.658106
2.550811 3.976963 1.642547 -2.417439 1.385972 0.652925
2.526637 3.990822 1.649076 -2.425404 1.373390 0.647726
2.502383 4.004556 1.655553 -2.433289 1.360772 0.642510
2.478050 4.018164 1.661978 -2.441093 1.348119 0.637276
2.453639 4.031645 1.668351 -2.448815 1.335430 0.632025
2.429151 4.045000 1.674671 -2.456456 1.322706 0.626757
2.404586 4.058227 1.680939 -2.464016 1.309948 0.621473
2.379946 4.071326 1.687153 -2.471493 1.297156 0.616172
2.355231 4.084298 1.693315 -2.478889 1.284331 0.610855
2.330442 4.097141 1.699424 -2.486203 1.271472 0.605521
2.305580 4.109856 1.705479 -2.493435 1.258581 0.600172
2.280646 4.122441 1.711481 -2.500584 1.245659 0.594807
2.255640 4.134898 1.717429 -2.507650 1.232704 0.589426
2.230563 4.147225 1.723323 -2.514634 1.219719 0.584031
2.205417 4.159422 1.729163 -2.521536 1.206704 0.578620
2.180202 4.171489 1.734949 -2.528354 1.193658 0.573194
2.154918 4.183426 1.740681 -2.535089 1.180583 0.567753
2.129567 4.195232 1.746359 -2.541741 1.167479 0.562299
2.104150 4.206907 1.751982 -2.548309 1.154346 0.556829
2.078667 4.218450 1.757550 -2.554794 1.141185 0.551346
2.053119 4.229862 1.763064 -2.561196 1.127997 0.545849
2.027507 4.241142 1.768522 -2.567513 1.114782 0.540339
2.001832 4.252290 1.773926 -2.573747 1.101540 0.534814
1.976094 4.263305 1.779274 -2.579897 1.088272 0.529277
1.950295 4.274188 1.784566 -2.585963 1.074979 0.523727
1.924436 4.284938 1.789804 -2.591944 1.061660 0.518164
1.898516 4.295554 1.794985 -2.597842 1.048317 0.512588
1.872538 4.306037 1.800111 -2.603655 1.034949 0.507000
1.846501 4.316387 1.805181 -2.609383 1.021558 0.501399
1.820407 4.326602 1.810195 -2.615027 1.008144 0.495787
1.794257 4.336684 1.815153 -2.620587 0.994707 0.490163
1.768051 4.346631 1.820055 -2.626061 0.981248 0.484527
1.741791 4.356443 1.824900 -2.631451 0.967768 0.478880
1.715476 4.366121 1.829689 -2.636756 0.954266 0.473222
1.689109 4.375664 1.834421 -2.641976 0.940743 0.467553
1.662689 4.385071 1.839097 -2.647111 0.927200 0.461873
1.636218 4.394343 1.843715 -2.652161 0.913638 0.456183
1.609696 4.403480 1.848277 -2.657126 0.900056 0.450482
1.583125 4.412480 1.852782 -2.662006 0.886455 0.444771
1.556505 4.421345 1.857230 -2.666800 0.872836 0.439050
1.529837 4.430073 1.861620 -2.671509 0.859199 0.433320
1.503122 4.438665 1.865953 -2.676133 0.845545 0.427580
1.476360 4.447120 1.870229 -2.680672 0.831874 0.421831
1.449554 4.455439 1.874447 -2.685125 0.818187 0.416072
1.422702 4.463621 1.878608 -2.689492 0.804484 0.410305
1.395808 4.471666 1.882711 -2.693775 0.790765 0.404529
1.368870 4.479574 1.886757 -2.697971 0.777032 0.398745
1.341890 4.487344 1.890744 -2.702082 0.763284 0.392952
1.314869 4.494977 1.894674 -2.706108 0.749522 0.387151
1.287808 4.502472 1.898545 -2.710048 0.735747 0.381343
1.260708 4.509829 1.902358 -2.713903 0.721959 0.375526
1.233569 4.517049 1.906114 -2.717671 0.708158 0.369703
1.206392 4.524131 1.909811 -2.721355 0.694345 0.363872
1.179178 4.531074 1.913449 -2.724952 0.680520 0.358034
1.151929 4.537879 1.917030 -2.728465 0.666685 0.352189
1.124644 4.544546 1.920552 -2.731891 0.652838 0.346337
1.097325 4.551074 1.924015 -2.735232 0.638982 0.340479
1.069973 4.557464 1.927420 -2.738488 0.625116 0.334615
1.042588 4.563715 1.930766 -2.741657 0.611241 0.328745
1.015172 4.569828 1.934053 -2.744742 0.597357 0.322869
0.987724 4.575801 1.937282 -2.747740 0.583464 0.316987
0.960247 4.581636 1.940452 -2.750654 0.569564 0.311100
0.932740 4.587332 1.943563 -2.753481 0.555657 0.305208
0.905205 4.592888 1.946615 -2.756224 0.541743 0.299311
0.877643 4.598306 1.949608 -2.758881 0.527822 0.293408
0.850054 4.603584 1.952542 -2.761452 0.513895 0.287502
0.822440 4.608723 1.955417 -2.763939 0.499963 0.281590
0.794800 4.613722 1.958233 -2.766339 0.486026 0.275675
0.767137 4.618583 1.960990 -2.768655 0.472084 0.269755
0.739450 4.623304 1.963687 -2.770886 0.458138 0.263832
0.711742 4.627885 1.966326 -2.773031 0.444189 0.257905
0.684011 4.632327 1.968905 -2.775091 0.430236 0.251975
0.656260 4.636629 1.971425 -2.777066 0.416281 0.246041
0.628490 4.640792 1.973885 -2.778957 0.402323 0.240105
0.600700 4.644815 1.976286 -2.780762 0.388364 0.234165
0.572893 4.648699 1.978628 -2.782483 0.374403 0.228223
0.545068 4.652443 1.980910 -2.784118 0.360441 0.222278
0.517227 4.656047 1.983133 -2.785669 0.346479 0.216332
0.489370 4.659512 1.985296 -2.787136 0.332517 0.210383
0.461498 4.662837 1.987400 -2.788517 0.318555 0.204432
0.433613 4.666023 1.989444 -2.789815 0.304594 0.198479
0.405715 4.669069 1.991429 -2.791028 0.290635 0.192525
0.377805 4.671975 1.993354 -2.792157 0.276677 0.186570
0.349883 4.674742 1.995220 -2.793201 0.262722 0.180614
0.321951 4.677369 1.997026 -2.794161 0.248769 0.174657
0.294010 4.679857 1.998773 -2.795038 0.234819 0.168699
0.266059 4.682205 2.000460 -2.795830 0.220873 0.162740
0.238101 4.684414 2.002087 -2.796539 0.206930 0.156781
0.210136 4.686483 2.003655 -2.797164 0.192992 0.150822
0.182164 4.688413 2.005163 -2.797705 0.179059 0.144863
0.154187 4.690204 2.006612 -2.798163 0.165131 0.138904
0.126205 4.691855 2.008001 -2.798538 0.151209 0.132946
0.098220 4.693367 2.009330 -2.798829 0.137293 0.126988
0.070232 4.694740 2.010600 -2.799037 0.123384 0.121031
0.042241 4.695974 2.011810 -2.799162 0.109481 0.115076
0.014250 4.697069 2.012961 -2.799204 0.095586 0.109121
-0.013742 4.698024 2.014052 -2.799164 0.081699 0.103167
-0.041734 4.698841 2.015084 -2.799040 0.067820 0.097215
-0.069724 4.699520 2.016056 -2.798835 0.053950 0.091265
-0.097713 4.700059 2.016969 -2.798546 0.040089 0.085317
-0.125698 4.700460 2.017822 -2.798176 0.026237 0.079370
-0.153680 4.700722 2.018616 -2.797723 0.012395 0.073426
-0.181657 4.700846 2.019350 -2.797189 -0.001436 0.067485
-0.209629 4.700832 2.020025 -2.796573 -0.015257 0.061546
-0.237595 4.700679 2.020640 -2.795875 -0.029066 0.055610
-0.265554 4.700389 2.021196 -2.795095 -0.042864 0.049676
-0.293505 4.699960 2.021693 -2.794234 -0.056650 0.043746
-0.321447 4.699394 2.022131 -2.793292 -0.070424 0.037820
-0.349380 4.698689 2.022509 -2.792269 -0.084185 0.031896
-0.377303 4.697848 2.022828 -2.791165 -0.097932 0.025977
-0.405214 4.696868 2.023088 -2.789980 -0.111666 0.020061
-0.433114 4.695752 2.023288 -2.788714 -0.125386 0.014150
-0.461001 4.694498 2.023430 -2.787368 -0.139092 0.008242
-0.488875 4.693107 2.023512 -2.785942 -0.152783 0.002339
-0.516734 4.691579 2.023535 -2.784436 -0.166458 -0.003559
-0.544579 4.689914 2.023500 -2.782850 -0.180119 -0.009453
-0.572407 4.688113 2.023405 -2.781184 -0.193763 -0.015342
-0.600219 4.686176 2.023252 -2.779438 -0.207390 -0.021226
-0.628013 4.684102 2.023040 -2.777614 -0.221002 -0.027104
-0.655789 4.681892 2.022769 -2.775709 -0.234595 -0.032977
-0.683547 4.679546 2.022439 -2.773726 -0.248172 -0.038845
-0.711284 4.677064 2.022050 -2.771664 -0.261730 -0.044707
-0.739000 4.674447 2.021603 -2.769524 -0.275271 -0.050563
-0.766696 4.671694 2.021098 -2.767305 -0.288792 -0.056413
-0.794369 4.668806 2.020534 -2.765007 -0.302295 -0.062256
-0.822019 4.665783 2.019911 -2.762632 -0.315778 -0.068093
-0.849645 4.662625 2.019230 -2.760178 -0.329242 -0.073924
-0.877247 4.659333 2.018491 -2.757647 -0.342685 -0.079748
-0.904823 4.655906 2.017693 -2.755039 -0.356108 -0.085565
-0.932374 4.652345 2.016838 -2.752353 -0.369510 -0.091375
-0.959897 4.648650 2.015924 -2.749590 -0.382891 -0.097177
-0.987393 4.644821 2.014952 -2.746750 -0.396250 -0.102972
-1.014861 4.640858 2.013922 -2.743833 -0.409587 -0.108760
-1.042299 4.636763 2.012835 -2.740840 -0.422902 -0.114540
-1.069707 4.632534 2.011689 -2.737771 -0.436194 -0.120312
-1.097085 4.628172 2.010486 -2.734626 -0.449463 -0.126076
-1.124431 4.623677 2.009226 -2.731405 -0.462709 -0.131832
-1.151745 4.619050 2.007907 -2.728108 -0.475931 -0.137580
-1.179027 4.614291 2.006531 -2.724735 -0.489128 -0.143319
-1.206274 4.609399 2.005098 -2.721288 -0.502302 -0.149050
-1.233487 4.604376 2.003608 -2.717765 -0.515450 -0.154771
-1.260664 4.599222 2.002060 -2.714168 -0.528574 -0.160484
-1.287806 4.593936 2.000455 -2.710497 -0.541672 -0.166188
-1.314911 4.588519 1.998793 -2.706750 -0.554744 -0.171882
-1.341979 4.582972 1.997075 -2.702930 -0.567790 -0.177567
-1.369008 4.577294 1.995299 -2.699036 -0.580810 -0.183242
-1.395998 4.571486 1.993466 -2.695069 -0.593803 -0.188908
-1.422949 4.565548 1.991577 -2.691028 -0.606768 -0.194564
-1.449859 4.559480 1.989632 -2.686914 -0.619706 -0.200209
-1.476728 4.553283 1.987630 -2.682727 -0.632616 -0.205845
-1.503556 4.546957 1.985571 -2.678467 -0.645498 -0.211471
-1.530340 4.540502 1.983456 -2.674135 -0.658352 -0.217085
-1.557082 4.533918 1.981286 -2.669730 -0.671177 -0.222690
-1.583779 4.527207 1.979059 -2.665254 -0.683972 -0.228283
-1.610431 4.520367 1.976776 -2.660706 -0.696739 -0.233866
-1.637039 4.513400 1.974437 -2.656086 -0.709475 -0.239438
-1.663599 4.506305 1.972043 -2.651395 -0.722181 -0.244998
-1.690113 4.499083 1.969593 -2.646634 -0.734857 -0.250548
-1.716580 4.491734 1.967087 -2.641801 -0.747503 -0.256085
-1.742998 4.484259 1.964527 -2.636898 -0.760117 -0.261612
-1.769367 4.476658 1.961910 -2.631925 -0.772700 -0.267126
-1.795686 4.468931 1.959239 -2.626881 -0.785251 -0.272629
-1.821955 4.461079 1.956513 -2.621768 -0.797770 -0.278119
-1.848172 4.453101 1.953732 -2.616586 -0.810257 -0.283598
-1.874338 4.444998 1.950896 -2.611334 -0.822712 -0.289064
-1.900452 4.436771 1.948005 -2.606013 -0.835133 -0.294518
-1.926512 4.428420 1.945060 -2.600624 -0.847522 -0.299959
-1.952518 4.419945 1.942060 -2.595166 -0.859877 -0.305388
-1.978470 4.411346 1.939006 -2.589640 -0.872198 -0.310804
-2.004366 4.402624 1.935898 -2.584046 -0.884486 -0.316207
-2.030206 4.393779 1.932736 -2.578384 -0.896739 -0.321596
-2.055990 4.384812 1.929520 -2.572655 -0.908957 -0.326973
-2.081717 4.375722 1.926251 -2.566859 -0.921141 -0.332337
-2.107385 4.366511 1.922927 -2.560996 -0.933289 -0.337686
-2.132995 4.357178 1.919550 -2.555066 -0.945402 -0.343023
-2.158546 4.347724 1.916120 -2.549070 -0.957479 -0.348345
-2.184037 4.338149 1.912637 -2.543008 -0.969520 -0.353654
-2.209467 4.328454 1.909100 -2.536880 -0.981525 -0.358949
-2.234836 4.318639 1.905511 -2.530687 -0.993494 -0.364230
-2.260143 4.308704 1.901868 -2.524428 -1.005425 -0.369496
-2.285387 4.298649 1.898173 -2.518104 -1.017319 -0.374749
-2.310568 4.288476 1.894426 -2.511716 -1.029176 -0.379986
-2.335685 4.278184 1.890626 -2.505263 -1.040996 -0.385210
-2.360738 4.267775 1.886774 -2.498746 -1.052777 -0.390418
-2.385725 4.257247 1.882870 -2.492165 -1.064521 -0.395612
-2.410647 4.246602 1.878914 -2.485521 -1.076225 -0.400791
-2.435502 4.235839 1.874906 -2.478813 -1.087892 -0.405955
-2.460290 4.224960 1.870846 -2.472042 -1.099519 -0.411103
-2.485011 4.213965 1.866735 -2.465209 -1.111107 -0.416237
-2.509663 4.202854 1.862573 -2.458313 -1.122655 -0.421355
-2.534246 4.191628 1.858359 -2.451355 -1.134164 -0.426457
-2.558759 4.180286 1.854095 -2.444334 -1.145633 -0.431544
-2.583203 4.168830 1.849779 -2.437253 -1.157062 -0.436615
-2.607575 4.157259 1.845413 -2.430110 -1.168450 -0.441670
-2.631876 4.145574 1.840996 -2.422905 -1.179798 -0.446710
-2.656105 4.133776 1.836529 -2.415640 -1.191104 -0.451733
-2.680262 4.121865 1.832012 -2.408315 -1.202370 -0.456740
-2.704345 4.109842 1.827445 -2.400929 -1.213594 -0.461731
-2.728354 4.097706 1.822827 -2.393484 -1.224776 -0.466705
-2.752289 4.085458 1.818160 -2.385979 -1.235917 -0.471663
-2.776149 4.073099 1.813444 -2.378414 -1.247015 -0.476604
-2.799933 4.060629 1.808678 -2.370791 -1.258071 -0.481529
-2.823641 4.048048 1.803862 -2.363109 -1.269084 -0.486436
-2.847272 4.035357 1.798998 -2.355368 -1.280055 -0.491327
-2.870826 4.022557 1.794085 -2.347569 -1.290983 -0.496201
-2.894301 4.009647 1.789123 -2.339713 -1.301867 -0.501058
-2.917698 3.996628 1.784112 -2.331798 -1.312708 -0.505897
-2.941016 3.983501 1.779053 -2.323827 -1.323505 -0.510719
-2.964255 3.970266 1.773946 -2.315798 -1.334258 -0.515524
-2.987413 3.956923 1.768791 -2.307713 -1.344967 -0.520311
-3.010490 3.943474 1.763588 -2.299572 -1.355632 -0.525080
-3.033486 3.929917 1.758337 -2.291374 -1.366252 -0.529832
-3.056399 3.916255 1.753038 -2.283121 -1.376827 -0.534566
-3.079230 3.902487 1.747693 -2.274812 -1.387357 -0.539282
-3.101979 3.888613 1.742300 -2.266448 -1.397843 -0.543979
-3.124643 3.874635 1.736860 -2.258029 -1.408282 -0.548659
-3.147223 3.860552 1.731374 -2.249555 -1.418677 -0.553321
-3.169719 3.846365 1.725840 -2.241027 -1.429025 -0.557964
-3.192129 3.832075 1.720261 -2.232445 -1.439327 -0.562589
-3.214454 3.817682 1.714635 -2.223810 -1.449583 -0.567195
-3.236692 3.803186 1.708963 -2.215121 -1.459793 -0.571783
-3.258843 3.788588 1.703245 -2.206379 -1.469956 -0.576352
-3.280907 3.773888 1.697482 -2.197584 -1.480072 -0.580902
-3.302883 3.759087 1.691673 -2.188737 -1.490142 -0.585434
-3.324770 3.744186 1.685818 -2.179837 -1.500164 -0.589946
-3.346568 3.729184 1.679919 -2.170886 -1.510139 -0.594440
-3.368277 3.714083 1.673974 -2.161883 -1.520066 -0.598914
-3.389896 3.698882 1.667985 -2.152829 -1.529945 -0.603369
-3.411424 3.683583 1.661952 -2.143724 -1.539777 -0.607805
-3.432862 3.668185 1.655873 -2.134568 -1.549560 -0.612221
-3.454207 3.652690 1.649751 -2.125362 -1.559296 -0.616618
-3.475461 3.637097 1.643585 -2.116105 -1.568982 -0.620995
-3.496622 3.621407 1.637375 -2.106799 -1.578620 -0.625353
-3.517690 3.605621 1.631122 -2.097444 -1.588210 -0.629691
-3.538664 3.589738 1.624825 -2.088040 -1.597750 -0.634009
-3.559545 3.573761 1.618485 -2.078586 -1.607241 -0.638308
-3.580331 3.557689 1.612102 -2.069084 -1.616683 -0.642586
-3.601021 3.541522 1.605676 -2.059534 -1.626075 -0.646844
-3.621617 3.525261 1.599207 -2.049936 -1.635418 -0.651083
-3.642116 3.508907 1.592696 -2.040291 -1.644710 -0.655301
-3.662519 3.492460 1.586143 -2.030598 -1.653953 -0.659498
-3.682825 3.475920 1.579548 -2.020858 -1.663146 -0.663676
-3.703034 3.459289 1.572912 -2.011072 -1.672288 -0.667833
-3.723144 3.442566 1.566233 -2.001239 -1.681380 -0.671969
-3.743157 3.425752 1.559514 -1.991360 -1.690421 -0.676085
-3.763070 3.408848 1.552753 -1.981435 -1.699411 -0.680180
-3.782885 3.391854 1.545951 -1.971465 -1.708351 -0.684254
-3.802599 3.374770 1.539108 -1.961450 -1.717239 -0.688308
-3.822214 3.357598 1.532225 -1.951390 -1.726076 -0.692341
-3.841728 3.340337 1.525302 -1.941286 -1.734862 -0.696353
-3.861141 3.322988 1.518338 -1.931137 -1.743596 -0.700344
-3.880452 3.305552 1.511335 -1.920945 -1.752279 -0.704313
-3.899661 3.288030 1.504292 -1.910708 -1.760909 -0.708262
-3.918768 3.270421 1.497209 -1.900429 -1.769488 -0.712189
-3.937773 3.252726 1.490087 -1.890107 -1.778015 -0.716095
-3.956674 3.234946 1.482926 -1.879742 -1.786489 -0.719980
-3.975471 3.217081 1.475727 -1.869334 -1.794911 -0.723843
-3.994165 3.199132 1.468488 -1.858885 -1.803280 -0.727685
-4.012753 3.181099 1.461211 -1.848394 -1.811597 -0.731505
-4.031237 3.162983 1.453896 -1.837862 -1.819861 -0.735304
-4.049616 3.144784 1.446543 -1.827288 -1.828072 -0.739081
-4.067889 3.126503 1.439152 -1.816674 -1.836230 -0.742836
-4.086056 3.108141 1.431724 -1.806019 -1.844335 -0.746569
-4.104116 3.089698 1.424258 -1.795324 -1.852386 -0.750281
-4.122069 3.071174 1.416756 -1.784589 -1.860384 -0.753970
-4.139915 3.052570 1.409216 -1.773815 -1.868329 -0.757638
-4.157653 3.033887 1.401639 -1.763002 -1.876219 -0.761283
-4.175283 3.015125 1.394027 -1.752149 -1.884056 -0.764907
-4.192805 2.996284 1.386378 -1.741258 -1.891839 -0.768508
-4.210217 2.977366 1.378692 -1.730329 -1.899568 -0.772087
-4.227520 2.958370 1.370972 -1.719361 -1.907243 -0.775643
-4.244714 2.939298 1.363215 -1.708357 -1.914863 -0.779178
-4.261798 2.920149 1.355423 -1.697314 -1.922430 -0.782690
-4.278771 2.900925 1.347597 -1.686235 -1.929941 -0.786179
-4.295633 2.881625 1.339735 -1.675119 -1.937398 -0.789646
-4.312384 2.862251 1.331838 -1.663966 -1.944800 -0.793090
-4.329024 2.842803 1.323907 -1.652778 -1.952148 -0.796512
-4.345552 2.823282 1.315942 -1.641553 -1.959440 -0.799911
-4.361967 2.803687 1.307943 -1.630293 -1.966678 -0.803287
-4.378270 2.784021 1.299910 -1.618998 -1.973860 -0.806641
-4.394460 2.764282 1.291844 -1.607668 -1.980987 -0.809972
-4.410537 2.744472 1.283744 -1.596304 -1.988059 -0.813279
-4.426500 2.724592 1.275611 -1.584905 -1.995075 -0.816564
-4.442349 2.704641 1.267446 -1.573472 -2.002035 -0.819826
-4.458084 2.684620 1.259247 -1.562006 -2.008940 -0.823065
-4.473704 2.664531 1.251017 -1.550506 -2.015789 -0.826281
-4.489209 2.644373 1.242754 -1.538973 -2.022583 -0.829473
-4.504599 2.624147 1.234459 -1.527408 -2.029320 -0.832643
-4.519873 2.603854 1.226133 -1.515810 -2.036002 -0.835789
-4.535031 2.583494 1.217775 -1.504180 -2.042627 -0.838912
-4.550073 2.563068 1.209386 -1.492519 -2.049196 -0.842011
-4.564998 2.542576 1.200966 -1.480826 -2.055709 -0.845088
-4.579806 2.522019 1.192515 -1.469101 -2.062165 -0.848141
-4.594497 2.501397 1.184033 -1.457346 -2.068565 -0.851170
-4.609070 2.480712 1.175522 -1.445561 -2.074908 -0.854176
-4.623526 2.459962 1.166980 -1.433745 -2.081195 -0.857158
-4.637864 2.439150 1.158408 -1.421899 -2.087425 -0.860117
-4.652082 2.418276 1.149807 -1.410024 -2.093598 -0.863052
-4.666183 2.397340 1.141177 -1.398119 -2.099714 -0.865963
-4.680164 2.376343 1.132517 -1.386185 -2.105773 -0.868851
-4.694026 2.355285 1.123829 -1.374223 -2.111776 -0.871715
-4.707768 2.334168 1.115111 -1.362232 -2.117721 -0.874555
-4.721390 2.312990 1.106366 -1.350213 -2.123609 -0.877372
-4.734892 2.291754 1.097592 -1.338167 -2.129439 -0.880164
-4.748274 2.270460 1.088790 -1.326093 -2.135213 -0.882933
-4.761535 2.249108 1.079961 -1.313992 -2.140929 -0.885677
-4.774675 2.227699 1.071104 -1.301864 -2.146587 -0.888398
-4.787694 2.206233 1.062220 -1.289709 -2.152188 -0.891095
-4.800591 2.184711 1.053309 -1.277528 -2.157732 -0.893767
-4.813366 2.163133 1.044372 -1.265322 -2.163217 -0.896416
-4.826019 2.141501 1.035408 -1.253089 -2.168645 -0.899040
-4.838550 2.119815 1.026417 -1.240832 -2.174015 -0.901641
-4.850958 2.098075 1.017401 -1.228549 -2.179328 -0.904217
-4.863244 2.076281 1.008359 -1.216242 -2.184582 -0.906768
-4.875406 2.054436 0.999291 -1.203910 -2.189779 -0.909296
-4.887445 2.032538 0.990198 -1.191554 -2.194917 -0.911799
-4.899361 2.010589 0.981080 -1.179175 -2.199997 -0.914278
-4.911153 1.988589 0.971937 -1.166772 -2.205019 -0.916733
-4.922820 1.966538 0.962770 -1.154345 -2.209983 -0.919163
-4.934364 1.944439 0.953578 -1.141896 -2.214889 -0.921569
-4.945783 1.922290 0.944363 -1.129425 -2.219737 -0.923950
-4.957077 1.900092 0.935123 -1.116931 -2.224526 -0.926307
-4.968246 1.877847 0.925860 -1.104415 -2.229256 -0.928640
-4.979291 1.855555 0.916574 -1.091877 -2.233928 -0.930948
-4.990209 1.833215 0.907264 -1.079318 -2.238542 -0.933231
-5.001003 1.810830 0.897932 -1.066738 -2.243097 -0.935490
-5.011670 1.788399 0.888577 -1.054138 -2.247594 -0.937724
-5.022211 1.765923 0.879200 -1.041516 -2.252032 -0.939933
-5.032626 1.743403 0.869800 -1.028875 -2.256411 -0.942118
-5.042915 1.720839 0.860379 -1.016214 -2.260731 -0.944278
-5.053077 1.698231 0.850936 -1.003533 -2.264993 -0.946414
-5.063113 1.675581 0.841472 -0.990833 -2.269196 -0.948524
-5.073021 1.652889 0.831987 -0.978114 -2.273340 -0.950610
-5.082802 1.630156 0.822481 -0.965377 -2.277425 -0.952671
-5.092456 1.607382 0.812954 -0.952621 -2.281451 -0.954708
-5.101982 1.584567 0.803407 -0.939847 -2.285419 -0.956719
-5.111381 1.561713 0.793840 -0.927055 -2.289327 -0.958706
-5.120651 1.538820 0.784253 -0.914246 -2.293176 -0.960668
-5.129794 1.515888 0.774646 -0.901420 -2.296967 -0.962605
-5.138808 1.492918 0.765020 -0.888577 -2.300698 -0.964517
-5.147694 1.469911 0.755375 -0.875717 -2.304370 -0.966404
-5.156451 1.446868 0.745711 -0.862841 -2.307983 -0.968266
-5.165079 1.423788 0.736028 -0.849949 -2.311536 -0.970103
-5.173579 1.400672 0.726327 -0.837042 -2.315031 -0.971915
-5.181949 1.377522 0.716608 -0.824119 -2.318466 -0.973702
-5.190190 1.354337 0.706871 -0.811181 -2.321842 -0.975464
-5.198302 1.331119 0.697116 -0.798228 -2.325159 -0.977201
-5.206284 1.307867 0.687344 -0.785261 -2.328417 -0.978913
-5.214137 1.284583 0.677555 -0.772280 -2.331615 -0.980600
-5.221860 1.261267 0.667749 -0.759284 -2.334754 -0.982262
-5.229453 1.237920 0.657927 -0.746276 -2.337833 -0.983898
-5.236915 1.214541 0.648088 -0.733254 -2.340853 -0.985510
-5.244248 1.191133 0.638233 -0.720219 -2.343814 -0.987096
-5.251450 1.167695 0.628362 -0.707171 -2.346715 -0.988657
-5.258522 1.144227 0.618475 -0.694111 -2.349557 -0.990194
-5.265463 1.120732 0.608573 -0.681038 -2.352339 -0.991704
-5.272273 1.097208 0.598656 -0.667954 -2.355062 -0.993190
-5.278953 1.073658 0.588724 -0.654859 -2.357726 -0.994651
-5.285501 1.050081 0.578778 -0.641752 -2.360330 -0.996086
-5.291919 1.026477 0.568817 -0.628634 -2.362874 -0.997496
-5.298205 1.002849 0.558842 -0.615506 -2.365359 -0.998881
-5.304360 0.979195 0.548853 -0.602367 -2.367784 -1.000240
-5.310384 0.955517 0.538851 -0.589218 -2.370150 -1.001574
-5.316276 0.931816 0.528835 -0.576060 -2.372457 -1.002883
-5.322037 0.908091 0.518806 -0.562892 -2.374704 -1.004167
-5.327666 0.884344 0.508764 -0.549714 -2.376891 -1.005425
-5.333163 0.860575 0.498710 -0.536528 -2.379019 -1.006658
-5.338528 0.836785 0.488644 -0.523334 -2.381087 -1.007866
-5.343761 0.812974 0.478565 -0.510131 -2.383095 -1.009048
-5.348863 0.789143 0.468474 -0.496920 -2.385044 -1.010205
-5.353832 0.765293 0.458372 -0.483701 -2.386934 -1.011337
-5.358669 0.741423 0.448259 -0.470475 -2.388764 -1.012444
-5.363374 0.717536 0.438135 -0.457241 -2.390534 -1.013525
-5.367946 0.693630 0.427999 -0.444001 -2.392245 -1.014580
-5.372386 0.669708 0.417854 -0.430754 -2.393897 -1.015611
-5.376694 0.645769 0.407697 -0.417501 -2.395488 -1.016616
-5.380869 0.621814 0.397531 -0.404242 -2.397021 -1.017595
-5.384911 0.597844 0.387355 -0.390977 -2.398493 -1.018549
-5.388821 0.573859 0.377170 -0.377707 -2.399906 -1.019478
-5.392598 0.549860 0.366975 -0.364432 -2.401260 -1.020381
-5.396242 0.525847 0.356771 -0.351151 -2.402554 -1.021259
-5.399754 0.501822 0.346559 -0.337867 -2.403789 -1.022112
-5.403132 0.477784 0.336337 -0.324577 -2.404964 -1.022939
-5.406378 0.453734 0.326108 -0.311284 -2.406080 -1.023741
-5.409491 0.429673 0.315871 -0.297988 -2.407136 -1.024518
-5.412471 0.405602 0.305626 -0.284687 -2.408132 -1.025269
-5.415318 0.381521 0.295373 -0.271384 -2.409070 -1.025994
-5.418032 0.357430 0.285113 -0.258078 -2.409947 -1.026694
-5.420612 0.333330 0.274846 -0.244769 -2.410766 -1.027369
-5.423060 0.309223 0.264572 -0.231458 -2.411525 -1.028019
-5.425375 0.285108 0.254292 -0.218145 -2.412224 -1.028643
-5.427556 0.260985 0.244006 -0.204830 -2.412865 -1.029241
-5.429604 0.236857 0.233713 -0.191514 -2.413446 -1.029814
-5.431520 0.212722 0.223415 -0.178197 -2.413967 -1.030362
-5.433302 0.188583 0.213111 -0.164878 -2.414429 -1.030885
-5.434950 0.164438 0.202803 -0.151559 -2.414832 -1.031382
-5.436466 0.140290 0.192489 -0.138240 -2.415176 -1.031853
-5.437848 0.116138 0.182170 -0.124921 -2.415461 -1.032299
-5.439098 0.091984 0.171847 -0.111602 -2.415686 -1.032720
-5.440214 0.067827 0.161520 -0.098284 -2.415852 -1.033116
-5.441196 0.043668 0.151189 -0.084966 -2.415959 -1.033486
-5.442046 0.019509 0.140854 -0.071650 -2.416006 -1.033830
-5.442763 -0.004651 0.130516 -0.058334 -2.415995 -1.034150
-5.443346 -0.028811 0.120174 -0.045021 -2.415925 -1.034444
-5.443796 -0.052971 0.109830 -0.031709 -2.415795 -1.034712
-5.444113 -0.077129 0.099483 -0.018400 -2.415607 -1.034955
-5.444297 -0.101285 0.089133 -0.005093 -2.415359 -1.035173
-5.444348 -0.125438 0.078781 0.008211 -2.415052 -1.035366
-5.444266 -0.149589 0.068428 0.021512 -2.414687 -1.035533
-5.444051 -0.173736 0.058072 0.034810 -2.414263 -1.035675
-5.443703 -0.197878 0.047716 0.048104 -2.413779 -1.035791
-5.443222 -0.222016 0.037358 0.061394 -2.413237 -1.035882
-5.442608 -0.246148 0.026999 0.074680 -2.412636 -1.035948
-5.441861 -0.270275 0.016639 0.087962 -2.411977 -1.035989
-5.440981 -0.294395 0.006280 0.101239 -2.411258 -1.036004
-5.439969 -0.318507 -0.004080 0.114511 -2.410481 -1.035994
-5.438824 -0.342612 -0.014440 0.127778 -2.409646 -1.035959
-5.437546 -0.366708 -0.024800 0.141039 -2.408751 -1.035899
-5.436136 -0.390796 -0.035159 0.154295 -2.407798 -1.035813
-5.434593 -0.414874 -0.045517 0.167544 -2.406787 -1.035702
-5.432917 -0.438942 -0.055874 0.180787 -2.405717 -1.035566
-5.431109 -0.462999 -0.066230 0.194023 -2.404589 -1.035404
-5.429169 -0.487045 -0.076584 0.207253 -2.403402 -1.035218
-5.427097 -0.511079 -0.086936 0.220475 -2.402157 -1.035006
-5.424892 -0.535100 -0.097286 0.233690 -2.400853 -1.034769
-5.422555 -0.559109 -0.107634 0.246897 -2.399491 -1.034507
-5.420086 -0.583104 -0.117979 0.260096 -2.398071 -1.034219
-5.417485 -0.607085 -0.128321 0.273287 -2.396593 -1.033907
-5.414752 -0.631051 -0.138660 0.286469 -2.395057 -1.033569
-5.411888 -0.655001 -0.148996 0.299643 -2.393462 -1.033207
-5.408891 -0.678936 -0.159328 0.312807 -2.391810 -1.032819
-5.405763 -0.702854 -0.169656 0.325963 -2.390100 -1.032406
-5.402503 -0.726755 -0.179980 0.339108 -2.388331 -1.031968
-5.399112 -0.750638 -0.190300 0.352244 -2.386505 -1.031505
-5.395590 -0.774503 -0.200615 0.365369 -2.384621 -1.031017
-5.391936 -0.798349 -0.210925 0.378484 -2.382679 -1.030504
-5.388151 -0.822176 -0.221230 0.391588 -2.380680 -1.029966
-5.384235 -0.845983 -0.231530 0.404682 -2.378622 -1.029403
-5.380189 -0.869769 -0.241824 0.417764 -2.376507 -1.028815
-5.376011 -0.893534 -0.252112 0.430834 -2.374335 -1.028202
-5.371703 -0.917278 -0.262394 0.443893 -2.372105 -1.027564
-5.367264 -0.940999 -0.272670 0.456940 -2.369818 -1.026901
-5.362694 -0.964697 -0.282939 0.469974 -2.367473 -1.026214
-5.357995 -0.988372 -0.293201 0.482996 -2.365071 -1.025501
-5.353165 -1.012022 -0.303456 0.496005 -2.362611 -1.024764
-5.348205 -1.035648 -0.313703 0.509001 -2.360095 -1.024001
-5.343115 -1.059249 -0.323943 0.521984 -2.357521 -1.023214
-5.337895 -1.082825 -0.334176 0.534952 -2.354890 -1.022402
-5.332545 -1.106373 -0.344400 0.547907 -2.352202 -1.021566
-5.327066 -1.129895 -0.354615 0.560848 -2.349458 -1.020704
-5.321458 -1.153390 -0.364822 0.573774 -2.346656 -1.019818
-5.315720 -1.176857 -0.375020 0.586686 -2.343797 -1.018907
