21.333592 -19.414135 -8.477436 0.799621 0.763768 0.292673
21.413554 -19.337759 -8.448169 0.796510 0.766577 0.293900
21.493205 -19.261101 -8.418779 0.793387 0.769375 0.295123
21.572544 -19.184163 -8.389266 0.790252 0.772163 0.296342
21.651569 -19.106947 -8.359632 0.787106 0.774939 0.297557
21.730280 -19.029453 -8.329876 0.783948 0.777705 0.298767
21.808674 -18.951683 -8.300000 0.780779 0.780459 0.299974
21.886752 -18.873637 -8.270002 0.777598 0.783202 0.301175
21.964512 -18.795317 -8.239885 0.774406 0.785933 0.302373
22.041953 -18.716723 -8.209647 0.771202 0.788654 0.303566
22.119073 -18.637858 -8.179291 0.767987 0.791363 0.304755
22.195872 -18.558722 -8.148815 0.764760 0.794061 0.305940
22.272348 -18.479315 -8.118221 0.761522 0.796748 0.307120
22.348500 -18.399641 -8.087509 0.758273 0.799423 0.308296
22.424327 -18.319698 -8.056680 0.755012 0.802086 0.309467
22.499828 -18.239490 -8.025733 0.751741 0.804739 0.310634
22.575002 -18.159016 -7.994669 0.748458 0.807379 0.311797
22.649848 -18.078278 -7.963490 0.745164 0.810008 0.312955
22.724365 -17.997277 -7.932194 0.741859 0.812626 0.314109
22.798550 -17.916015 -7.900783 0.738543 0.815231 0.315258
22.872405 -17.834491 -7.869258 0.735216 0.817826 0.316402
22.945926 -17.752709 -7.837617 0.731879 0.820408 0.317543
23.019114 -17.670668 -7.805863 0.728530 0.822979 0.318678
23.091967 -17.588370 -7.773995 0.725170 0.825537 0.319809
23.164484 -17.505816 -7.742014 0.721800 0.828084 0.320935
23.236664 -17.423008 -7.709921 0.718419 0.830619 0.322057
23.308506 -17.339946 -7.677715 0.715028 0.833143 0.323174
23.380009 -17.256632 -7.645398 0.711625 0.835654 0.324287
23.451171 -17.173066 -7.612969 0.708212 0.838153 0.325395
23.521993 -17.089251 -7.580429 0.704789 0.840640 0.326498
23.592472 -17.005187 -7.547780 0.701355 0.843115 0.327597
23.662607 -16.920876 -7.515020 0.697911 0.845578 0.328691
23.732398 -16.836318 -7.482151 0.694456 0.848029 0.329780
23.801844 -16.751515 -7.449173 0.690991 0.850468 0.330864
23.870943 -16.666468 -7.416086 0.687516 0.852894 0.331944
23.939695 -16.581179 -7.382892 0.684030 0.855308 0.333019
24.008098 -16.495648 -7.349590 0.680535 0.857710 0.334089
24.076151 -16.409877 -7.316181 0.677029 0.860100 0.335154
24.143854 -16.323867 -7.282666 0.673513 0.862477 0.336215
24.211205 -16.237619 -7.249044 0.669987 0.864842 0.337271
24.278204 -16.151135 -7.215317 0.666451 0.867194 0.338321
24.344849 -16.064416 -7.181485 0.662905 0.869534 0.339368
24.411140 -15.977462 -7.147548 0.659349 0.871861 0.340409
24.477074 -15.890276 -7.113508 0.655783 0.874176 0.341445
24.542653 -15.802859 -7.079363 0.652208 0.876478 0.342476
24.607874 -15.715211 -7.045115 0.648623 0.878768 0.343503
24.672736 -15.627334 -7.010765 0.645028 0.881045 0.344524
24.737239 -15.539230 -6.976313 0.641423 0.883309 0.345541
24.801381 -15.450899 -6.941759 0.637809 0.885561 0.346552
24.865162 -15.362343 -6.907103 0.634185 0.887799 0.347559
24.928580 -15.273563 -6.872348 0.630552 0.890025 0.348561
24.991636 -15.184560 -6.837492 0.626909 0.892239 0.349557
25.054326 -15.095336 -6.802536 0.623257 0.894439 0.350549
25.116652 -15.005893 -6.767481 0.619596 0.896626 0.351535
25.178612 -14.916230 -6.732327 0.615926 0.898801 0.352517
25.240204 -14.826350 -6.697076 0.612246 0.900963 0.353493
25.301429 -14.736254 -6.661726 0.608557 0.903111 0.354464
25.362285 -14.645942 -6.626280 0.604858 0.905247 0.355431
25.422770 -14.555418 -6.590737 0.601151 0.907369 0.356392
25.482886 -14.464681 -6.555098 0.597435 0.909479 0.357348
25.542629 -14.373733 -6.519363 0.593710 0.911575 0.358298
25.602000 -14.282575 -6.483533 0.589976 0.913658 0.359244
25.660998 -14.191210 -6.447609 0.586233 0.915728 0.360185
25.719621 -14.099637 -6.411590 0.582481 0.917785 0.361120
25.777869 -14.007858 -6.375478 0.578720 0.919828 0.362050
25.835741 -13.915875 -6.339273 0.574951 0.921859 0.362975
25.893236 -13.823690 -6.302976 0.571173 0.923876 0.363894
25.950353 -13.731302 -6.266586 0.567386 0.925879 0.364809
26.007092 -13.638714 -6.230106 0.563591 0.927869 0.365718
26.063451 -13.545927 -6.193534 0.559788 0.929846 0.366622
26.119430 -13.452943 -6.156872 0.555976 0.931810 0.367520
26.175027 -13.359762 -6.120120 0.552155 0.933760 0.368414
26.230243 -13.266386 -6.083278 0.548327 0.935696 0.369302
26.285076 -13.172816 -6.046348 0.544490 0.937619 0.370184
26.339525 -13.079054 -6.009330 0.540644 0.939528 0.371061
26.393589 -12.985101 -5.972224 0.536791 0.941424 0.371933
26.447268 -12.890959 -5.935030 0.532929 0.943306 0.372800
26.500561 -12.796628 -5.897750 0.529060 0.945175 0.373661
26.553467 -12.702111 -5.860384 0.525182 0.947030 0.374517
26.605985 -12.607408 -5.822932 0.521297 0.948871 0.375367
26.658115 -12.512521 -5.785396 0.517404 0.950698 0.376212
26.709855 -12.417451 -5.747774 0.513502 0.952512 0.377052
26.761206 -12.322200 -5.710069 0.509593 0.954312 0.377886
26.812165 -12.226768 -5.672281 0.505677 0.956098 0.378714
26.862733 -12.131159 -5.634409 0.501752 0.957870 0.379538
26.912908 -12.035372 -5.596456 0.497820 0.959629 0.380355
26.962690 -11.939409 -5.558420 0.493881 0.961373 0.381167
27.012078 -11.843271 -5.520303 0.489934 0.963104 0.381974
27.061071 -11.746961 -5.482106 0.485979 0.964820 0.382775
27.109669 -11.650479 -5.443828 0.482017 0.966523 0.383571
27.157871 -11.553827 -5.405471 0.478048 0.968211 0.384361
27.205676 -11.457006 -5.367035 0.474072 0.969886 0.385145
27.253083 -11.360017 -5.328521 0.470088 0.971547 0.385924
27.300092 -11.262862 -5.289928 0.466097 0.973193 0.386697
27.346701 -11.165543 -5.251259 0.462099 0.974825 0.387465
27.392911 -11.068061 -5.212512 0.458094 0.976444 0.388227
27.438721 -10.970416 -5.173689 0.454082 0.978048 0.388984
27.484129 -10.872611 -5.134791 0.450063 0.979638 0.389734
27.529135 -10.774648 -5.095818 0.446037 0.981213 0.390480
27.573739 -10.676526 -5.056770 0.442005 0.982775 0.391219
27.617939 -10.578249 -5.017648 0.437965 0.984322 0.391953
27.661736 -10.479817 -4.978452 0.433919 0.985855 0.392681
27.705128 -10.381231 -4.939184 0.429867 0.987373 0.393404
27.748114 -10.282494 -4.899844 0.425807 0.988877 0.394121
27.790695 -10.183606 -4.860432 0.421742 0.990367 0.394832
27.832869 -10.084569 -4.820949 0.417669 0.991843 0.395537
27.874636 -9.985385 -4.781395 0.413591 0.993304 0.396237
27.915995 -9.886055 -4.741771 0.409506 0.994751 0.396931
27.956946 -9.786580 -4.702078 0.405414 0.996183 0.397619
27.997487 -9.686961 -4.662316 0.401317 0.997601 0.398301
28.037619 -9.587201 -4.622486 0.397213 0.999004 0.398978
28.077340 -9.487301 -4.582589 0.393103 1.000392 0.399648
28.116651 -9.387262 -4.542624 0.388987 1.001767 0.400313
28.155549 -9.287085 -4.502592 0.384865 1.003126 0.400972
28.194036 -9.186772 -4.462495 0.380737 1.004471 0.401626
28.232110 -9.086325 -4.422333 0.376604 1.005802 0.402273
28.269770 -8.985745 -4.382105 0.372464 1.007117 0.402915
28.307016 -8.885033 -4.341814 0.368319 1.008419 0.403551
28.343848 -8.784192 -4.301459 0.364168 1.009705 0.404181
28.380265 -8.683221 -4.261041 0.360011 1.010977 0.404805
28.416266 -8.582123 -4.220560 0.355849 1.012234 0.405423
28.451851 -8.480900 -4.180018 0.351681 1.013476 0.406035
28.487019 -8.379552 -4.139414 0.347508 1.014704 0.406642
28.521770 -8.278082 -4.098750 0.343330 1.015916 0.407242
28.556103 -8.176490 -4.058026 0.339146 1.017114 0.407837
28.590018 -8.074779 -4.017242 0.334957 1.018298 0.408425
28.623513 -7.972949 -3.976400 0.330762 1.019466 0.409008
28.656590 -7.871003 -3.935499 0.326563 1.020619 0.409585
28.689246 -7.768941 -3.894540 0.322358 1.021758 0.410156
28.721482 -7.666765 -3.853525 0.318148 1.022882 0.410720
28.753296 -7.564477 -3.812453 0.313934 1.023991 0.411279
28.784690 -7.462078 -3.771325 0.309714 1.025084 0.411832
28.815661 -7.359569 -3.730142 0.305489 1.026163 0.412379
28.846210 -7.256953 -3.688904 0.301260 1.027227 0.412920
28.876336 -7.154230 -3.647612 0.297026 1.028276 0.413455
28.906039 -7.051402 -3.606266 0.292788 1.029310 0.413983
28.935318 -6.948471 -3.564868 0.288544 1.030329 0.414506
28.964172 -6.845439 -3.523417 0.284297 1.031333 0.415023
28.992602 -6.742305 -3.481915 0.280044 1.032322 0.415534
29.020606 -6.639073 -3.440362 0.275788 1.033296 0.416038
29.048185 -6.535743 -3.398758 0.271527 1.034255 0.416537
29.075337 -6.432318 -3.357104 0.267261 1.035198 0.417029
29.102064 -6.328798 -3.315401 0.262992 1.036127 0.417516
29.128363 -6.225185 -3.273650 0.258718 1.037040 0.417996
29.154235 -6.121481 -3.231850 0.254440 1.037938 0.418470
29.179679 -6.017688 -3.190003 0.250158 1.038821 0.418938
29.204694 -5.913805 -3.148109 0.245872 1.039689 0.419400
29.229282 -5.809837 -3.106169 0.241582 1.040542 0.419856
29.253440 -5.705782 -3.064183 0.237289 1.041379 0.420306
29.277169 -5.601644 -3.022153 0.232991 1.042202 0.420750
29.300468 -5.497424 -2.980078 0.228690 1.043009 0.421187
29.323337 -5.393123 -2.937959 0.224385 1.043800 0.421618
29.345775 -5.288743 -2.895797 0.220076 1.044577 0.422044
29.367783 -5.184286 -2.853593 0.215764 1.045338 0.422463
29.389359 -5.079752 -2.811347 0.211449 1.046084 0.422875
29.410504 -4.975143 -2.769059 0.207130 1.046815 0.423282
29.431217 -4.870462 -2.726731 0.202807 1.047530 0.423682
29.451498 -4.765709 -2.684363 0.198482 1.048230 0.424077
29.471346 -4.660886 -2.641955 0.194153 1.048915 0.424465
29.490761 -4.555995 -2.599509 0.189820 1.049584 0.424847
29.509743 -4.451036 -2.557024 0.185485 1.050238 0.425222
29.528292 -4.346012 -2.514502 0.181147 1.050876 0.425592
29.546406 -4.240925 -2.471942 0.176806 1.051499 0.425955
29.564087 -4.135775 -2.429347 0.172462 1.052107 0.426312
29.581333 -4.030564 -2.386716 0.168115 1.052699 0.426663
29.598145 -3.925294 -2.344050 0.163765 1.053276 0.427007
29.614521 -3.819967 -2.301349 0.159412 1.053838 0.427345
29.630462 -3.714583 -2.258614 0.155057 1.054384 0.427677
29.645968 -3.609144 -2.215847 0.150699 1.054914 0.428003
29.661038 -3.503653 -2.173046 0.146339 1.055429 0.428323
29.675672 -3.398110 -2.130214 0.141976 1.055929 0.428636
29.689870 -3.292517 -2.087350 0.137611 1.056413 0.428943
29.703631 -3.186876 -2.044456 0.133243 1.056881 0.429243
29.716955 -3.081188 -2.001532 0.128873 1.057335 0.429538
29.729842 -2.975454 -1.958578 0.124501 1.057772 0.429826
29.742292 -2.869677 -1.915596 0.120127 1.058194 0.430107
29.754305 -2.763858 -1.872585 0.115751 1.058601 0.430383
29.765880 -2.657998 -1.829547 0.111372 1.058992 0.430652
29.777017 -2.552098 -1.786481 0.106992 1.059367 0.430915
29.787717 -2.446162 -1.743390 0.102610 1.059727 0.431171
29.797978 -2.340189 -1.700273 0.098226 1.060071 0.431421
29.807800 -2.234182 -1.657131 0.093840 1.060400 0.431665
29.817184 -2.128142 -1.613964 0.089452 1.060713 0.431903
29.826129 -2.022071 -1.570774 0.085063 1.061011 0.432134
29.834636 -1.915970 -1.527561 0.080673 1.061293 0.432359
29.842703 -1.809840 -1.484325 0.076280 1.061559 0.432577
29.850331 -1.703684 -1.441067 0.071887 1.061810 0.432789
29.857520 -1.597503 -1.397788 0.067491 1.062045 0.432995
29.864269 -1.491299 -1.354489 0.063095 1.062265 0.433194
29.870578 -1.385072 -1.311169 0.058697 1.062468 0.433387
29.876448 -1.278826 -1.267830 0.054299 1.062657 0.433574
29.881878 -1.172560 -1.224473 0.049899 1.062829 0.433754
29.886868 -1.066277 -1.181098 0.045498 1.062986 0.433928
29.891418 -0.959978 -1.137705 0.041096 1.063128 0.434096
29.895527 -0.853666 -1.094295 0.036693 1.063253 0.434257
29.899196 -0.747340 -1.050869 0.032289 1.063364 0.434412
29.902425 -0.641004 -1.007428 0.027884 1.063458 0.434560
29.905214 -0.534658 -0.963972 0.023479 1.063537 0.434702
29.907562 -0.428304 -0.920502 0.019073 1.063600 0.434838
29.909469 -0.321944 -0.877018 0.014666 1.063647 0.434967
29.910935 -0.215580 -0.833522 0.010259 1.063679 0.435090
29.911961 -0.109212 -0.790013 0.005851 1.063695 0.435206
29.912547 -0.002842 -0.746492 0.001443 1.063696 0.435316
29.912691 0.103527 -0.702960 -0.002965 1.063680 0.435420
29.912394 0.209895 -0.659418 -0.007374 1.063649 0.435517
29.911657 0.316260 -0.615867 -0.011783 1.063603 0.435608
29.910479 0.422621 -0.572306 -0.016192 1.063540 0.435692
29.908859 0.528975 -0.528737 -0.020601 1.063462 0.435770
29.906799 0.635321 -0.485160 -0.025010 1.063369 0.435842
29.904298 0.741658 -0.441576 -0.029419 1.063259 0.435907
29.901356 0.847984 -0.397985 -0.033828 1.063134 0.435965
29.897974 0.954297 -0.354388 -0.038237 1.062994 0.436018
29.894150 1.060596 -0.310787 -0.042646 1.062837 0.436063
29.889885 1.166880 -0.267180 -0.047054 1.062665 0.436103
29.885180 1.273147 -0.223570 -0.051462 1.062477 0.436136
29.880034 1.379394 -0.179956 -0.055869 1.062274 0.436162
29.874447 1.485622 -0.136340 -0.060276 1.062055 0.436182
29.868419 1.591827 -0.092722 -0.064682 1.061820 0.436196
29.861951 1.698009 -0.049102 -0.069088 1.061569 0.436203
29.855042 1.804166 -0.005482 -0.073493 1.061303 0.436204
29.847693 1.910297 0.038138 -0.077898 1.061021 0.436199
29.839903 2.016399 0.081758 -0.082301 1.060724 0.436187
29.831673 2.122471 0.125377 -0.086704 1.060411 0.436168
29.823003 2.228512 0.168994 -0.091105 1.060082 0.436143
29.813892 2.334520 0.212608 -0.095506 1.059737 0.436112
29.804342 2.440494 0.256219 -0.099905 1.059377 0.436074
29.794351 2.546432 0.299827 -0.104303 1.059001 0.436030
29.783921 2.652332 0.343430 -0.108700 1.058609 0.435979
29.773051 2.758193 0.387027 -0.113096 1.058202 0.435922
29.761741 2.864013 0.430620 -0.117491 1.057779 0.435858
29.749992 2.969791 0.474205 -0.121884 1.057341 0.435788
29.737804 3.075525 0.517784 -0.126275 1.056887 0.435712
29.725176 3.181214 0.561355 -0.130665 1.056417 0.435629
29.712110 3.286855 0.604918 -0.135054 1.055931 0.435539
29.698604 3.392448 0.648472 -0.139440 1.055430 0.435444
29.684660 3.497991 0.692017 -0.143825 1.054913 0.435341
29.670278 3.603483 0.735551 -0.148208 1.054381 0.435233
29.655457 3.708921 0.779074 -0.152590 1.053833 0.435118
29.640198 3.814304 0.822586 -0.156969 1.053270 0.434996
29.624501 3.919631 0.866085 -0.161346 1.052690 0.434868
29.608366 4.024900 0.909572 -0.165721 1.052096 0.434734
29.591794 4.130110 0.953046 -0.170094 1.051485 0.434593
29.574785 4.235258 0.996505 -0.174465 1.050859 0.434446
29.557338 4.340344 1.039949 -0.178834 1.050218 0.434292
29.539455 4.445366 1.083379 -0.183200 1.049561 0.434132
29.521135 4.550322 1.126792 -0.187564 1.048888 0.433965
29.502378 4.655211 1.170188 -0.191925 1.048200 0.433792
29.483186 4.760031 1.213568 -0.196284 1.047496 0.433613
29.463557 4.864781 1.256929 -0.200641 1.046777 0.433427
29.443493 4.969458 1.300272 -0.204994 1.046042 0.433235
29.422994 5.074062 1.343595 -0.209345 1.045292 0.433036
29.402060 5.178592 1.386899 -0.213693 1.044526 0.432831
29.380690 5.283044 1.430182 -0.218038 1.043745 0.432619
29.358886 5.387419 1.473444 -0.222381 1.042948 0.432402
29.336648 5.491714 1.516684 -0.226720 1.042136 0.432177
29.313976 5.595927 1.559902 -0.231056 1.041308 0.431946
29.290871 5.700058 1.603096 -0.235389 1.040465 0.431709
29.267332 5.804104 1.646267 -0.239719 1.039606 0.431466
29.243360 5.908065 1.689414 -0.244046 1.038732 0.431216
29.218955 6.011938 1.732535 -0.248369 1.037842 0.430959
29.194118 6.115722 1.775631 -0.252690 1.036937 0.430697
29.168849 6.219416 1.818701 -0.257006 1.036017 0.430427
29.143149 6.323018 1.861744 -0.261319 1.035081 0.430152
29.117017 6.426526 1.904759 -0.265629 1.034130 0.429870
29.090454 6.529939 1.947746 -0.269935 1.033163 0.429582
29.063460 6.633255 1.990704 -0.274237 1.032181 0.429287
29.036037 6.736473 2.033633 -0.278535 1.031184 0.428986
29.008183 6.839592 2.076531 -0.282830 1.030172 0.428679
28.979900 6.942609 2.119399 -0.287120 1.029144 0.428365
28.951188 7.045523 2.162236 -0.291407 1.028101 0.428045
28.922048 7.148333 2.205040 -0.295690 1.027042 0.427718
28.892479 7.251037 2.247812 -0.299968 1.025968 0.427385
28.862482 7.353634 2.290550 -0.304243 1.024879 0.427046
28.832058 7.456122 2.333255 -0.308513 1.023775 0.426700
28.801206 7.558500 2.375925 -0.312779 1.022655 0.426349
28.769928 7.660765 2.418560 -0.317041 1.021521 0.425990
28.738224 7.762917 2.461159 -0.321298 1.020371 0.425626
28.706094 7.864954 2.503722 -0.325550 1.019205 0.425255
28.673539 7.966875 2.546247 -0.329799 1.018025 0.424878
28.640560 8.068677 2.588735 -0.334042 1.016830 0.424494
28.607155 8.170360 2.631184 -0.338281 1.015619 0.424104
28.573327 8.271922 2.673595 -0.342515 1.014393 0.423708
28.539076 8.373362 2.715965 -0.346745 1.013152 0.423305
28.504401 8.474677 2.758296 -0.350969 1.011896 0.422897
28.469304 8.575866 2.800586 -0.355189 1.010625 0.422482
28.433786 8.676929 2.842834 -0.359403 1.009339 0.422060
28.397845 8.777863 2.885040 -0.363613 1.008038 0.421633
28.361484 8.878667 2.927203 -0.367817 1.006722 0.421199
28.324702 8.979339 2.969323 -0.372016 1.005390 0.420758
28.287501 9.079878 3.011399 -0.376210 1.004044 0.420312
28.249880 9.180282 3.053430 -0.380399 1.002683 0.419859
28.211840 9.280551 3.095416 -0.384583 1.001307 0.419400
28.173381 9.380681 3.137356 -0.388760 0.999916 0.418935
28.134505 9.480673 3.179249 -0.392933 0.998510 0.418463
28.095212 9.580524 3.221096 -0.397100 0.997089 0.417986
28.055502 9.680233 3.262894 -0.401261 0.995653 0.417502
28.015376 9.779798 3.304644 -0.405416 0.994202 0.417012
27.974834 9.879218 3.346346 -0.409566 0.992737 0.416515
27.933878 9.978492 3.387997 -0.413710 0.991257 0.416013
27.892507 10.077618 3.429598 -0.417848 0.989762 0.415504
27.850722 10.176594 3.471149 -0.421981 0.988252 0.414989
27.808524 10.275419 3.512648 -0.426107 0.986727 0.414467
27.765913 10.374092 3.554094 -0.430227 0.985188 0.413940
27.722890 10.472610 3.595488 -0.434341 0.983634 0.413407
27.679456 10.570974 3.636829 -0.438449 0.982065 0.412867
27.635611 10.669180 3.678116 -0.442550 0.980481 0.412321
27.591356 10.767228 3.719348 -0.446645 0.978883 0.411769
27.546692 10.865117 3.760525 -0.450734 0.977270 0.411211
27.501619 10.962844 3.801646 -0.454817 0.975643 0.410646
27.456137 11.060408 3.842710 -0.458893 0.974001 0.410076
27.410248 11.157808 3.883718 -0.462962 0.972345 0.409499
27.363951 11.255043 3.924668 -0.467025 0.970674 0.408917
27.317249 11.352110 3.965560 -0.471081 0.968988 0.408328
27.270141 11.449009 4.006392 -0.475130 0.967288 0.407733
27.222628 11.545738 4.047166 -0.479173 0.965573 0.407132
27.174711 11.642295 4.087879 -0.483208 0.963844 0.406525
27.126390 11.738679 4.128531 -0.487237 0.962101 0.405912
27.077666 11.834889 4.169122 -0.491259 0.960343 0.405292
27.028540 11.930924 4.209652 -0.495274 0.958571 0.404667
26.979013 12.026781 4.250118 -0.499281 0.956785 0.404036
26.929085 12.122459 4.290522 -0.503281 0.954984 0.403398
26.878756 12.217958 4.330862 -0.507275 0.953169 0.402755
26.828029 12.313275 4.371137 -0.511260 0.951339 0.402106
26.776903 12.408408 4.411348 -0.515239 0.949496 0.401450
26.725379 12.503358 4.451493 -0.519210 0.947638 0.400789
26.673458 12.598122 4.491572 -0.523174 0.945766 0.400121
26.621141 12.692698 4.531584 -0.527130 0.943879 0.399448
26.568428 12.787086 4.571529 -0.531078 0.941979 0.398769
26.515320 12.881284 4.611406 -0.535019 0.940065 0.398083
26.461818 12.975291 4.651214 -0.538952 0.938136 0.397392
26.407923 13.069104 4.690953 -0.542877 0.936193 0.396695
26.353635 13.162724 4.730623 -0.546795 0.934237 0.395991
26.298956 13.256147 4.770222 -0.550704 0.932266 0.395282
26.243885 13.349374 4.809750 -0.554606 0.930282 0.394567
26.188424 13.442402 4.849207 -0.558500 0.928283 0.393846
26.132575 13.535230 4.888591 -0.562385 0.926271 0.393119
26.076336 13.627857 4.927903 -0.566263 0.924244 0.392387
26.019710 13.720282 4.967142 -0.570132 0.922204 0.391648
25.962697 13.812502 5.006307 -0.573993 0.920150 0.390903
25.905297 13.904517 5.045397 -0.577845 0.918082 0.390153
25.847513 13.996325 5.084412 -0.581689 0.916000 0.389397
25.789344 14.087925 5.123352 -0.585525 0.913905 0.388635
25.730791 14.179316 5.162215 -0.589353 0.911796 0.387867
25.671856 14.270496 5.201002 -0.593171 0.909673 0.387093
25.612539 14.361463 5.239712 -0.596981 0.907537 0.386314
25.552841 14.452217 5.278343 -0.600783 0.905387 0.385529
25.492763 14.542755 5.316896 -0.604576 0.903223 0.384738
25.432305 14.633078 5.355370 -0.608360 0.901046 0.383941
25.371469 14.723182 5.393764 -0.612135 0.898855 0.383138
25.310256 14.813068 5.432077 -0.615901 0.896651 0.382330
25.248665 14.902733 5.470310 -0.619658 0.894433 0.381516
25.186700 14.992176 5.508462 -0.623406 0.892202 0.380696
25.124359 15.081396 5.546532 -0.627146 0.889958 0.379871
25.061644 15.170392 5.584519 -0.630876 0.887700 0.379040
24.998557 15.259162 5.622423 -0.634597 0.885429 0.378203
24.935097 15.347705 5.660243 -0.638308 0.883144 0.377360
24.871266 15.436019 5.697979 -0.642010 0.880846 0.376512
24.807065 15.524104 5.735630 -0.645703 0.878535 0.375658
24.742495 15.611957 5.773196 -0.649387 0.876211 0.374799
24.677556 15.699579 5.810676 -0.653061 0.873874 0.373934
24.612250 15.786966 5.848069 -0.656725 0.871523 0.373063
24.546578 15.874118 5.885376 -0.660380 0.869159 0.372187
24.480540 15.961034 5.922594 -0.664026 0.866783 0.371305
24.414137 16.047712 5.959725 -0.667661 0.864393 0.370417
24.347371 16.134152 5.996766 -0.671287 0.861990 0.369524
24.280242 16.220351 6.033719 -0.674903 0.859575 0.368625
24.212752 16.306308 6.070581 -0.678509 0.857146 0.367721
24.144901 16.392023 6.107353 -0.682106 0.854704 0.366812
24.076690 16.477493 6.144035 -0.685692 0.852250 0.365896
24.008121 16.562718 6.180624 -0.689268 0.849783 0.364976
23.939194 16.647697 6.217122 -0.692834 0.847303 0.364050
23.869911 16.732427 6.253527 -0.696390 0.844810 0.363118
23.800272 16.816908 6.289839 -0.699936 0.842305 0.362181
23.730278 16.901138 6.326057 -0.703472 0.839787 0.361238
23.659931 16.985117 6.362181 -0.706997 0.837256 0.360291
23.589231 17.068843 6.398210 -0.710512 0.834713 0.359337
23.518180 17.152314 6.434143 -0.714017 0.832157 0.358378
23.446778 17.235530 6.469981 -0.717511 0.829588 0.357414
23.375027 17.318488 6.505723 -0.720994 0.827007 0.356445
23.302928 17.401189 6.541367 -0.724467 0.824414 0.355470
23.230481 17.483630 6.576914 -0.727929 0.821808 0.354490
23.157688 17.565811 6.612363 -0.731381 0.819190 0.353504
23.084550 17.647730 6.647713 -0.734822 0.816559 0.352513
23.011068 17.729386 6.682965 -0.738252 0.813917 0.351517
22.937243 17.810778 6.718116 -0.741671 0.811262 0.350515
22.863076 17.891904 6.753168 -0.745080 0.808594 0.349509
22.788568 17.972763 6.788119 -0.748477 0.805915 0.348497
22.713720 18.053355 6.822968 -0.751864 0.803223 0.347479
22.638534 18.133677 6.857716 -0.755239 0.800519 0.346457
22.563010 18.213729 6.892362 -0.758603 0.797804 0.345429
22.487149 18.293510 6.926905 -0.761956 0.795076 0.344396
22.410954 18.373017 6.961345 -0.765298 0.792336 0.343358
22.334424 18.452251 6.995680 -0.768629 0.789584 0.342315
22.257561 18.531209 7.029912 -0.771948 0.786821 0.341267
22.180366 18.609891 7.064039 -0.775256 0.784045 0.340213
22.102841 18.688296 7.098060 -0.778553 0.781258 0.339154
22.024985 18.766422 7.131975 -0.781838 0.778459 0.338091
21.946802 18.844268 7.165784 -0.785112 0.775648 0.337022
21.868290 18.921832 7.199487 -0.788374 0.772826 0.335948
21.789453 18.999115 7.233081 -0.791624 0.769991 0.334869
21.710291 19.076114 7.266568 -0.794863 0.767146 0.333785
21.630804 19.152829 7.299947 -0.798090 0.764288 0.332696
21.550995 19.229257 7.333216 -0.801305 0.761419 0.331602
21.470865 19.305399 7.366377 -0.804509 0.758539 0.330503
21.390414 19.381253 7.399427 -0.807700 0.755647 0.329399
21.309644 19.456818 7.432367 -0.810880 0.752744 0.328290
21.228556 19.532092 7.465196 -0.814048 0.749829 0.327176
21.147151 19.607075 7.497913 -0.817203 0.746903 0.326057
21.065431 19.681766 7.530519 -0.820347 0.743966 0.324933
20.983396 19.756162 7.563012 -0.823478 0.741018 0.323804
20.901048 19.830264 7.595393 -0.826598 0.738058 0.322671
20.818389 19.904070 7.627660 -0.829705 0.735088 0.321532
20.735418 19.977579 7.659813 -0.832800 0.732106 0.320389
20.652138 20.050789 7.691852 -0.835882 0.729113 0.319241
20.568550 20.123701 7.723776 -0.838953 0.726109 0.318088
20.484655 20.196311 7.755585 -0.842011 0.723094 0.316930
20.400454 20.268621 7.787278 -0.845056 0.720069 0.315768
20.315948 20.340628 7.818855 -0.848089 0.717032 0.314601
20.231139 20.412331 7.850315 -0.851109 0.713985 0.313429
20.146028 20.483729 7.881658 -0.854117 0.710926 0.312252
20.060616 20.554822 7.912883 -0.857112 0.707857 0.311070
19.974905 20.625608 7.943990 -0.860095 0.704778 0.309884
19.888896 20.696086 7.974978 -0.863065 0.701688 0.308693
19.802589 20.766254 8.005847 -0.866021 0.698587 0.307498
19.715987 20.836113 8.036597 -0.868966 0.695475 0.306298
19.629091 20.905661 8.067227 -0.871897 0.692353 0.305093
19.541901 20.974896 8.097736 -0.874815 0.689221 0.303884
19.454419 21.043818 8.128125 -0.877721 0.686078 0.302670
19.366647 21.112426 8.158392 -0.880613 0.682925 0.301451
19.278586 21.180718 8.188537 -0.883493 0.679761 0.300228
19.190237 21.248694 8.218560 -0.886359 0.676588 0.299001
19.101601 21.316353 8.248460 -0.889212 0.673404 0.297769
19.012680 21.383694 8.278237 -0.892052 0.670210 0.296532
18.923474 21.450714 8.307890 -0.894879 0.667005 0.295291
18.833986 21.517415 8.337419 -0.897692 0.663791 0.294046
18.744217 21.583794 8.366824 -0.900493 0.660566 0.292796
18.654168 21.649851 8.396103 -0.903279 0.657332 0.291542
18.563840 21.715584 8.425257 -0.906053 0.654088 0.290283
18.473235 21.780993 8.454286 -0.908813 0.650834 0.289020
18.382353 21.846076 8.483188 -0.911559 0.647570 0.287752
18.291198 21.910833 8.511963 -0.914292 0.644296 0.286480
18.199768 21.975263 8.540611 -0.917012 0.641012 0.285204
18.108067 22.039364 8.569131 -0.919718 0.637719 0.283924
18.016095 22.103136 8.597524 -0.922410 0.634416 0.282639
17.923854 22.166577 8.625788 -0.925088 0.631104 0.281350
17.831346 22.229688 8.653923 -0.927753 0.627781 0.280057
17.738570 22.292466 8.681928 -0.930404 0.624450 0.278759
17.645530 22.354911 8.709804 -0.933041 0.621109 0.277458
17.552226 22.417022 8.737550 -0.935664 0.617759 0.276152
17.458659 22.478798 8.765165 -0.938274 0.614399 0.274842
17.364832 22.540237 8.792649 -0.940869 0.611030 0.273528
17.270745 22.601340 8.820002 -0.943451 0.607652 0.272209
17.176400 22.662106 8.847223 -0.946018 0.604264 0.270887
17.081798 22.722532 8.874312 -0.948571 0.600868 0.269560
16.986941 22.782619 8.901268 -0.951111 0.597462 0.268230
16.891830 22.842365 8.928091 -0.953636 0.594048 0.266895
16.796466 22.901770 8.954780 -0.956147 0.590624 0.265556
16.700852 22.960832 8.981336 -0.958643 0.587191 0.264214
16.604987 23.019551 9.007757 -0.961126 0.583750 0.262867
16.508875 23.077926 9.034044 -0.963594 0.580300 0.261516
16.412515 23.135956 9.060196 -0.966048 0.576840 0.260162
16.315911 23.193640 9.086212 -0.968487 0.573373 0.258803
16.219062 23.250978 9.112092 -0.970913 0.569896 0.257441
16.121971 23.307967 9.137836 -0.973323 0.566411 0.256074
16.024638 23.364608 9.163444 -0.975719 0.562917 0.254704
15.927066 23.420900 9.188914 -0.978101 0.559415 0.253330
15.829256 23.476842 9.214247 -0.980468 0.555905 0.251952
15.731209 23.532432 9.239442 -0.982820 0.552386 0.250571
15.632927 23.587671 9.264499 -0.985158 0.548858 0.249185
15.534412 23.642556 9.289418 -0.987481 0.545322 0.247796
15.435663 23.697089 9.314197 -0.989790 0.541778 0.246403
15.336684 23.751266 9.338838 -0.992083 0.538226 0.245006
15.237476 23.805089 9.363338 -0.994362 0.534666 0.243606
15.138040 23.858556 9.387699 -0.996627 0.531098 0.242202
15.038377 23.911665 9.411919 -0.998876 0.527521 0.240794
14.938490 23.964418 9.435999 -1.001110 0.523937 0.239383
14.838379 24.016811 9.459937 -1.003330 0.520345 0.237968
14.738046 24.068846 9.483734 -1.005534 0.516744 0.236549
14.637492 24.120520 9.507389 -1.007724 0.513136 0.235127
14.536720 24.171834 9.530901 -1.009898 0.509521 0.233701
14.435730 24.222786 9.554271 -1.012058 0.505897 0.232272
14.334524 24.273376 9.577499 -1.014202 0.502266 0.230840
14.233104 24.323602 9.600583 -1.016331 0.498627 0.229403
14.131471 24.373465 9.623523 -1.018445 0.494981 0.227964
14.029627 24.422963 9.646319 -1.020544 0.491327 0.226520
13.927572 24.472096 9.668971 -1.022628 0.487666 0.225074
13.825309 24.520862 9.691479 -1.024696 0.483997 0.223624
13.722840 24.569262 9.713841 -1.026749 0.480321 0.222171
13.620165 24.617294 9.736058 -1.028787 0.476638 0.220714
13.517286 24.664958 9.758130 -1.030810 0.472948 0.219254
13.414205 24.712253 9.780055 -1.032817 0.469250 0.217791
13.310924 24.759178 9.801834 -1.034808 0.465546 0.216324
13.207443 24.805732 9.823466 -1.036785 0.461834 0.214854
13.103764 24.851916 9.844952 -1.038745 0.458115 0.213381
12.999890 24.897727 9.866290 -1.040690 0.454390 0.211905
12.895821 24.943166 9.887480 -1.042620 0.450657 0.210425
12.791559 24.988232 9.908523 -1.044534 0.446918 0.208942
12.687105 25.032924 9.929417 -1.046433 0.443172 0.207457
12.582462 25.077241 9.950163 -1.048316 0.439419 0.205968
12.477630 25.121183 9.970760 -1.050183 0.435660 0.204475
12.372612 25.164749 9.991207 -1.052035 0.431894 0.202980
12.267409 25.207938 10.011505 -1.053871 0.428122 0.201482
12.162021 25.250751 10.031653 -1.055691 0.424343 0.199981
12.056452 25.293185 10.051651 -1.057495 0.420557 0.198476
11.950703 25.335241 10.071499 -1.059284 0.416765 0.196969
11.844775 25.376917 10.091196 -1.061056 0.412967 0.195459
11.738669 25.418214 10.110742 -1.062813 0.409163 0.193945
11.632388 25.459130 10.130136 -1.064554 0.405353 0.192429
11.525932 25.499665 10.149379 -1.066279 0.401536 0.190910
11.419304 25.539819 10.168470 -1.067989 0.397713 0.189388
11.312505 25.579590 10.187409 -1.069682 0.393885 0.187863
11.205537 25.618979 10.206195 -1.071359 0.390050 0.186336
11.098401 25.657984 10.224829 -1.073020 0.386209 0.184805
10.991099 25.696605 10.243310 -1.074666 0.382363 0.183272
10.883633 25.734841 10.261637 -1.076295 0.378511 0.181736
10.776003 25.772692 10.279810 -1.077908 0.374653 0.180197
10.668212 25.810158 10.297830 -1.079505 0.370790 0.178656
10.560262 25.847237 10.315696 -1.081085 0.366920 0.177111
10.452153 25.883929 10.333407 -1.082650 0.363046 0.175565
10.343888 25.920233 10.350963 -1.084199 0.359166 0.174015
10.235469 25.956150 10.368365 -1.085731 0.355280 0.172463
10.126895 25.991678 10.385611 -1.087247 0.351389 0.170908
10.018171 26.026817 10.402702 -1.088746 0.347493 0.169351
9.909296 26.061566 10.419637 -1.090230 0.343591 0.167791
9.800273 26.095925 10.436416 -1.091697 0.339685 0.166229
9.691103 26.129893 10.453039 -1.093148 0.335773 0.164664
9.581789 26.163471 10.469505 -1.094582 0.331856 0.163096
9.472330 26.196656 10.485815 -1.096001 0.327934 0.161527
9.362730 26.229450 10.501968 -1.097402 0.324007 0.159954
9.252990 26.261850 10.517963 -1.098788 0.320075 0.158380
9.143111 26.293858 10.533801 -1.100156 0.316139 0.156803
9.033096 26.325472 10.549481 -1.101509 0.312197 0.155223
8.922945 26.356691 10.565004 -1.102845 0.308251 0.153641
8.812660 26.387517 10.580368 -1.104164 0.304301 0.152057
8.702244 26.417947 10.595573 -1.105467 0.300345 0.150471
8.591697 26.447981 10.610621 -1.106753 0.296385 0.148882
8.481022 26.477620 10.625509 -1.108023 0.292421 0.147291
8.370220 26.506862 10.640238 -1.109276 0.288452 0.145698
8.259292 26.535707 10.654808 -1.110513 0.284479 0.144103
8.148241 26.564155 10.669218 -1.111733 0.280502 0.142506
8.037067 26.592205 10.683469 -1.112936 0.276520 0.140906
7.925774 26.619857 10.697559 -1.114123 0.272535 0.139304
7.814361 26.647111 10.711490 -1.115293 0.268545 0.137700
7.702832 26.673965 10.725260 -1.116446 0.264551 0.136095
7.591187 26.700420 10.738869 -1.117583 0.260553 0.134487
7.479429 26.726476 10.752318 -1.118703 0.256551 0.132877
7.367559 26.752131 10.765605 -1.119806 0.252546 0.131265
7.255578 26.777385 10.778732 -1.120893 0.248536 0.129651
7.143489 26.802239 10.791697 -1.121962 0.244523 0.128035
7.031293 26.826691 10.804501 -1.123015 0.240506 0.126417
6.918991 26.850742 10.817142 -1.124051 0.236486 0.124797
6.806586 26.874390 10.829622 -1.125070 0.232462 0.123176
6.694079 26.897637 10.841940 -1.126073 0.228434 0.121552
6.581472 26.920480 10.854095 -1.127058 0.224403 0.119927
6.468766 26.942920 10.866087 -1.128027 0.220369 0.118300
6.355963 26.964957 10.877917 -1.128978 0.216331 0.116671
6.243066 26.986590 10.889585 -1.129913 0.212290 0.115041
6.130074 27.007819 10.901089 -1.130831 0.208246 0.113408
6.016991 27.028644 10.912430 -1.131732 0.204199 0.111774
5.903818 27.049064 10.923607 -1.132616 0.200149 0.110139
5.790556 27.069079 10.934621 -1.133483 0.196095 0.108501
5.677208 27.088688 10.945471 -1.134333 0.192039 0.106862
5.563775 27.107892 10.956157 -1.135166 0.187980 0.105222
5.450258 27.126690 10.966679 -1.135983 0.183918 0.103580
5.336660 27.145082 10.977037 -1.136782 0.179853 0.101936
5.222982 27.163067 10.987231 -1.137564 0.175786 0.100291
5.109225 27.180646 10.997260 -1.138329 0.171716 0.098644
4.995392 27.197818 11.007124 -1.139077 0.167644 0.096996
4.881485 27.214582 11.016824 -1.139808 0.163568 0.095346
4.767504 27.230939 11.026359 -1.140522 0.159491 0.093695
4.653452 27.246888 11.035728 -1.141218 0.155411 0.092043
4.539330 27.262429 11.044932 -1.141898 0.151329 0.090389
4.425140 27.277562 11.053971 -1.142561 0.147244 0.088734
4.310884 27.292286 11.062845 -1.143206 0.143158 0.087077
4.196563 27.306602 11.071552 -1.143835 0.139069 0.085419
4.082180 27.320509 11.080094 -1.144446 0.134978 0.083760
3.967735 27.334007 11.088470 -1.145040 0.130885 0.082100
3.853231 27.347095 11.096680 -1.145617 0.126791 0.080438
3.738670 27.359774 11.104724 -1.146177 0.122694 0.078776
3.624052 27.372044 11.112602 -1.146719 0.118595 0.077112
3.509380 27.383903 11.120313 -1.147245 0.114495 0.075447
3.394656 27.395353 11.127858 -1.147753 0.110393 0.073780
3.279880 27.406392 11.135236 -1.148244 0.106290 0.072113
3.165056 27.417021 11.142447 -1.148718 0.102184 0.070445
3.050184 27.427239 11.149491 -1.149175 0.098078 0.068775
2.935267 27.437047 11.156369 -1.149614 0.093970 0.067105
2.820305 27.446444 11.163079 -1.150037 0.089860 0.065434
2.705302 27.455430 11.169623 -1.150442 0.085749 0.063761
2.590257 27.464005 11.175999 -1.150829 0.081637 0.062088
2.475174 27.472169 11.182208 -1.151200 0.077524 0.060414
2.360054 27.479921 11.188249 -1.151553 0.073410 0.058738
2.244899 27.487262 11.194123 -1.151889 0.069294 0.057062
2.129710 27.494192 11.199829 -1.152208 0.065178 0.055386
2.014489 27.500709 11.205368 -1.152510 0.061060 0.053708
1.899238 27.506816 11.210739 -1.152794 0.056942 0.052030
1.783959 27.512510 11.215942 -1.153061 0.052823 0.050350
1.668653 27.517792 11.220977 -1.153311 0.048703 0.048670
1.553322 27.522662 11.225844 -1.153544 0.044583 0.046990
1.437967 27.527121 11.230543 -1.153759 0.040462 0.045308
1.322591 27.531167 11.235073 -1.153957 0.036340 0.043626
1.207196 27.534801 11.239436 -1.154138 0.032218 0.041944
1.091782 27.538023 11.243630 -1.154301 0.028095 0.040260
0.976352 27.540832 11.247656 -1.154447 0.023972 0.038577
0.860907 27.543229 11.251514 -1.154576 0.019849 0.036892
0.745449 27.545214 11.255203 -1.154688 0.015725 0.035207
0.629981 27.546787 11.258724 -1.154782 0.011601 0.033522
0.514502 27.547947 11.262076 -1.154859 0.007477 0.031836
0.399016 27.548695 11.265260 -1.154919 0.003354 0.030150
0.283525 27.549030 11.268275 -1.154961 -0.000770 0.028463
0.168028 27.548953 11.271121 -1.154987 -0.004894 0.026776
0.052530 27.548463 11.273799 -1.154994 -0.009018 0.025088
-0.062970 27.547562 11.276307 -1.154985 -0.013142 0.023400
-0.178468 27.546248 11.278647 -1.154958 -0.017265 0.021712
-0.293964 27.544521 11.280819 -1.154914 -0.021388 0.020023
-0.409455 27.542382 11.282821 -1.154853 -0.025510 0.018334
-0.524941 27.539831 11.284654 -1.154774 -0.029633 0.016645
-0.640418 27.536868 11.286319 -1.154679 -0.033754 0.014956
-0.755886 27.533492 11.287815 -1.154565 -0.037875 0.013266
-0.871343 27.529705 11.289141 -1.154435 -0.041996 0.011577
-0.986786 27.525505 11.290299 -1.154287 -0.046116 0.009887
-1.102215 27.520894 11.291288 -1.154122 -0.050235 0.008197
-1.217627 27.515870 11.292107 -1.153940 -0.054353 0.006507
-1.333021 27.510435 11.292758 -1.153741 -0.058470 0.004817
-1.448395 27.504588 11.293240 -1.153524 -0.062586 0.003127
-1.563747 27.498329 11.293552 -1.153290 -0.066702 0.001437
-1.679076 27.491659 11.293696 -1.153038 -0.070816 -0.000254
-1.794380 27.484578 11.293671 -1.152770 -0.074929 -0.001944
-1.909657 27.477085 11.293476 -1.152484 -0.079041 -0.003634
-2.024906 27.469181 11.293113 -1.152181 -0.083152 -0.005324
-2.140124 27.460865 11.292580 -1.151861 -0.087261 -0.007014
-2.255310 27.452139 11.291879 -1.151523 -0.091369 -0.008703
-2.370462 27.443002 11.291009 -1.151169 -0.095476 -0.010393
-2.485579 27.433455 11.289969 -1.150797 -0.099581 -0.012082
-2.600659 27.423497 11.288761 -1.150408 -0.103684 -0.013772
-2.715700 27.413128 11.287384 -1.150001 -0.107786 -0.015460
-2.830700 27.402350 11.285838 -1.149578 -0.111886 -0.017149
-2.945657 27.391161 11.284123 -1.149137 -0.115985 -0.018838
-3.060571 27.379563 11.282239 -1.148679 -0.120081 -0.020526
-3.175439 27.367554 11.280187 -1.148204 -0.124176 -0.022213
-3.290259 27.355137 11.277965 -1.147712 -0.128269 -0.023901
-3.405031 27.342310 11.275575 -1.147202 -0.132359 -0.025588
-3.519751 27.329074 11.273017 -1.146676 -0.136448 -0.027274
-3.634418 27.315429 11.270289 -1.146132 -0.140534 -0.028960
-3.749032 27.301376 11.267393 -1.145571 -0.144619 -0.030646
-3.863589 27.286914 11.264329 -1.144993 -0.148701 -0.032331
-3.978088 27.272044 11.261096 -1.144398 -0.152780 -0.034015
-4.092528 27.256766 11.257694 -1.143786 -0.156858 -0.035700
-4.206906 27.241080 11.254124 -1.143157 -0.160933 -0.037383
-4.321222 27.224987 11.250386 -1.142510 -0.165005 -0.039066
-4.435473 27.208486 11.246479 -1.141847 -0.169075 -0.040748
-4.549658 27.191579 11.242404 -1.141166 -0.173142 -0.042430
-4.663774 27.174265 11.238161 -1.140469 -0.177207 -0.044111
-4.777821 27.156544 11.233750 -1.139754 -0.181268 -0.045791
-4.891797 27.138417 11.229171 -1.139022 -0.185327 -0.047470
-5.005699 27.119884 11.224424 -1.138274 -0.189383 -0.049149
-5.119526 27.100946 11.219509 -1.137508 -0.193437 -0.050827
-5.233277 27.081602 11.214427 -1.136725 -0.197487 -0.052504
-5.346949 27.061854 11.209176 -1.135926 -0.201534 -0.054180
-5.460542 27.041700 11.203758 -1.135109 -0.205578 -0.055856
-5.574053 27.021143 11.198173 -1.134276 -0.209618 -0.057531
-5.687481 27.000181 11.192419 -1.133425 -0.213656 -0.059204
-5.800823 26.978815 11.186499 -1.132558 -0.217690 -0.060877
-5.914079 26.957046 11.180411 -1.131673 -0.221721 -0.062549
-6.027246 26.934874 11.174156 -1.130772 -0.225748 -0.064220
-6.140323 26.912299 11.167735 -1.129854 -0.229772 -0.065889
-6.253309 26.889322 11.161146 -1.128919 -0.233793 -0.067558
-6.366201 26.865943 11.154390 -1.127967 -0.237810 -0.069226
-6.478997 26.842162 11.147467 -1.126999 -0.241823 -0.070892
-6.591697 26.817979 11.140378 -1.126013 -0.245832 -0.072558
-6.704299 26.793396 11.133122 -1.125011 -0.249838 -0.074222
-6.816800 26.768412 11.125700 -1.123992 -0.253839 -0.075886
-6.929199 26.743029 11.118111 -1.122956 -0.257837 -0.077548
-7.041494 26.717245 11.110357 -1.121903 -0.261831 -0.079208
-7.153685 26.691062 11.102436 -1.120834 -0.265821 -0.080868
-7.265768 26.664480 11.094349 -1.119748 -0.269806 -0.082526
-7.377743 26.637499 11.086096 -1.118645 -0.273788 -0.084183
-7.489607 26.610120 11.077678 -1.117526 -0.277765 -0.085839
-7.601360 26.582344 11.069094 -1.116390 -0.281738 -0.087494
-7.712999 26.554170 11.060345 -1.115237 -0.285707 -0.089147
-7.824523 26.525599 11.051430 -1.114068 -0.289671 -0.090798
-7.935929 26.496632 11.042350 -1.112882 -0.293631 -0.092448
-8.047218 26.467269 11.033105 -1.111679 -0.297586 -0.094097
-8.158386 26.437510 11.023696 -1.110460 -0.301537 -0.095745
-8.269431 26.407357 11.014121 -1.109224 -0.305483 -0.097390
-8.380354 26.376808 11.004382 -1.107972 -0.309425 -0.099035
-8.491151 26.345866 10.994479 -1.106703 -0.313361 -0.100678
-8.601821 26.314530 10.984411 -1.105418 -0.317293 -0.102319
-8.712363 26.282800 10.974179 -1.104116 -0.321220 -0.103959
-8.822775 26.250678 10.963783 -1.102798 -0.325142 -0.105597
-8.933055 26.218164 10.953223 -1.101463 -0.329059 -0.107233
-9.043201 26.185258 10.942500 -1.100112 -0.332971 -0.108868
-9.153212 26.151961 10.931613 -1.098745 -0.336878 -0.110501
-9.263087 26.118274 10.920563 -1.097361 -0.340779 -0.112132
-9.372823 26.084196 10.909350 -1.095961 -0.344676 -0.113762
-9.482419 26.049728 10.897974 -1.094545 -0.348567 -0.115390
-9.591873 26.014871 10.886435 -1.093112 -0.352453 -0.117016
-9.701184 25.979626 10.874733 -1.091663 -0.356333 -0.118640
-9.810351 25.943993 10.862869 -1.090198 -0.360208 -0.120263
-9.919370 25.907972 10.850843 -1.088716 -0.364078 -0.121883
-10.028242 25.871564 10.838655 -1.087218 -0.367941 -0.123502
-10.136964 25.834770 10.826305 -1.085705 -0.371800 -0.125119
-10.245534 25.797590 10.813793 -1.084175 -0.375652 -0.126734
-10.353952 25.760025 10.801119 -1.082628 -0.379499 -0.128347
-10.462215 25.722075 10.788285 -1.081066 -0.383340 -0.129957
-10.570321 25.683741 10.775289 -1.079488 -0.387175 -0.131566
-10.678270 25.645023 10.762132 -1.077893 -0.391004 -0.133173
-10.786059 25.605923 10.748815 -1.076283 -0.394827 -0.134778
-10.893688 25.566440 10.735337 -1.074657 -0.398644 -0.136381
-11.001153 25.526576 10.721699 -1.073014 -0.402455 -0.137982
-11.108455 25.486330 10.707901 -1.071356 -0.406260 -0.139580
-11.215590 25.445704 10.693943 -1.069681 -0.410059 -0.141177
-11.322558 25.404698 10.679825 -1.067991 -0.413851 -0.142771
-11.429358 25.363313 10.665548 -1.066285 -0.417637 -0.144363
-11.535986 25.321550 10.651112 -1.064563 -0.421416 -0.145953
-11.642442 25.279408 10.636516 -1.062826 -0.425190 -0.147540
-11.748725 25.236889 10.621762 -1.061072 -0.428956 -0.149126
-11.854832 25.193993 10.606850 -1.059303 -0.432716 -0.150709
-11.960762 25.150722 10.591779 -1.057518 -0.436470 -0.152289
-12.066514 25.107075 10.576550 -1.055717 -0.440217 -0.153868
-12.172086 25.063053 10.561163 -1.053901 -0.443957 -0.155444
-12.277476 25.018657 10.545619 -1.052069 -0.447690 -0.157017
-12.382683 24.973888 10.529917 -1.050221 -0.451417 -0.158589
-12.487705 24.928747 10.514058 -1.048358 -0.455136 -0.160157
-12.592541 24.883233 10.498043 -1.046479 -0.458849 -0.161724
-12.697189 24.837348 10.481870 -1.044584 -0.462554 -0.163288
-12.801647 24.791093 10.465541 -1.042675 -0.466253 -0.164849
-12.905914 24.744468 10.449057 -1.040749 -0.469944 -0.166408
-13.009989 24.697473 10.432416 -1.038808 -0.473628 -0.167964
-13.113870 24.650110 10.415619 -1.036852 -0.477306 -0.169518
-13.217555 24.602380 10.398668 -1.034881 -0.480975 -0.171069
-13.321044 24.554282 10.381561 -1.032894 -0.484638 -0.172617
-13.424333 24.505819 10.364299 -1.030892 -0.488293 -0.174163
-13.527422 24.456989 10.346883 -1.028874 -0.491940 -0.175706
-13.630310 24.407795 10.329312 -1.026841 -0.495580 -0.177247
-13.732994 24.358237 10.311587 -1.024793 -0.499213 -0.178784
-13.835473 24.308316 10.293709 -1.022730 -0.502838 -0.180319
-13.937746 24.258032 10.275677 -1.020652 -0.506455 -0.181852
-14.039811 24.207387 10.257492 -1.018559 -0.510064 -0.183381
-14.141667 24.156380 10.239154 -1.016450 -0.513666 -0.184908
-14.243312 24.105014 10.220663 -1.014326 -0.517260 -0.186432
-14.344745 24.053288 10.202020 -1.012188 -0.520846 -0.187953
-14.445964 24.001203 10.183225 -1.010034 -0.524424 -0.189471
-14.546967 23.948761 10.164277 -1.007866 -0.527994 -0.190986
-14.647753 23.895961 10.145179 -1.005682 -0.531556 -0.192498
-14.748322 23.842806 10.125929 -1.003484 -0.535110 -0.194008
-14.848670 23.789295 10.106528 -1.001271 -0.538656 -0.195514
-14.948797 23.735429 10.086977 -0.999043 -0.542193 -0.197017
-15.048701 23.681210 10.067275 -0.996800 -0.545723 -0.198518
-15.148381 23.626637 10.047423 -0.994542 -0.549244 -0.200015
-15.247836 23.571713 10.027422 -0.992270 -0.552757 -0.201509
-15.347063 23.516437 10.007271 -0.989983 -0.556261 -0.203001
-15.446061 23.460811 9.986971 -0.987682 -0.559757 -0.204489
-15.544829 23.404836 9.966522 -0.985365 -0.563244 -0.205974
-15.643366 23.348511 9.945925 -0.983035 -0.566723 -0.207456
-15.741669 23.291839 9.925179 -0.980689 -0.570193 -0.208934
-15.839738 23.234820 9.904286 -0.978330 -0.573654 -0.210410
-15.937571 23.177454 9.883245 -0.975955 -0.577107 -0.211882
-16.035167 23.119744 9.862057 -0.973567 -0.580551 -0.213351
-16.132523 23.061688 9.840721 -0.971164 -0.583986 -0.214817
-16.229640 23.003290 9.819240 -0.968747 -0.587412 -0.216279
-16.326514 22.944549 9.797612 -0.966315 -0.590830 -0.217739
-16.423146 22.885466 9.775838 -0.963869 -0.594238 -0.219195
-16.519533 22.826042 9.753918 -0.961409 -0.597637 -0.220647
-16.615674 22.766278 9.731854 -0.958935 -0.601028 -0.222096
-16.711567 22.706175 9.709644 -0.956446 -0.604409 -0.223542
-16.807212 22.645735 9.687290 -0.953943 -0.607781 -0.224985
-16.902606 22.584957 9.664791 -0.951427 -0.611143 -0.226424
-16.997749 22.523842 9.642149 -0.948896 -0.614497 -0.227859
-17.092638 22.462393 9.619363 -0.946351 -0.617841 -0.229291
-17.187273 22.400608 9.596434 -0.943793 -0.621176 -0.230720
-17.281653 22.338491 9.573362 -0.941220 -0.624501 -0.232145
-17.375775 22.276041 9.550147 -0.938634 -0.627817 -0.233567
-17.469638 22.213259 9.526791 -0.936034 -0.631123 -0.234985
-17.563241 22.150147 9.503292 -0.933420 -0.634420 -0.236399
-17.656583 22.086705 9.479652 -0.930792 -0.637707 -0.237810
-17.749663 22.022934 9.455871 -0.928150 -0.640984 -0.239217
-17.842478 21.958836 9.431950 -0.925495 -0.644252 -0.240621
-17.935027 21.894411 9.407888 -0.922826 -0.647510 -0.242021
-18.027310 21.829660 9.383686 -0.920144 -0.650758 -0.243417
-18.119324 21.764584 9.359344 -0.917448 -0.653996 -0.244809
-18.211069 21.699184 9.334863 -0.914739 -0.657225 -0.246198
-18.302543 21.633462 9.310243 -0.912016 -0.660443 -0.247583
-18.393744 21.567417 9.285485 -0.909279 -0.663652 -0.248965
-18.484672 21.501052 9.260588 -0.906530 -0.666850 -0.250342
-18.575325 21.434367 9.235554 -0.903767 -0.670038 -0.251716
-18.665702 21.367363 9.210383 -0.900990 -0.673216 -0.253086
-18.755801 21.300042 9.185074 -0.898201 -0.676384 -0.254452
-18.845621 21.232403 9.159629 -0.895398 -0.679542 -0.255814
-18.935161 21.164449 9.134047 -0.892582 -0.682689 -0.257172
-19.024419 21.096180 9.108330 -0.889753 -0.685826 -0.258527
-19.113395 21.027597 9.082477 -0.886911 -0.688953 -0.259877
-19.202086 20.958702 9.056490 -0.884056 -0.692069 -0.261224
-19.290491 20.889495 9.030367 -0.881188 -0.695175 -0.262567
-19.378610 20.819978 9.004111 -0.878307 -0.698270 -0.263905
-19.466441 20.750151 8.977720 -0.875413 -0.701355 -0.265240
-19.553982 20.680015 8.951196 -0.872507 -0.704429 -0.266570
-19.641233 20.609572 8.924539 -0.869587 -0.707493 -0.267897
-19.728192 20.538823 8.897749 -0.866655 -0.710545 -0.269220
-19.814857 20.467768 8.870827 -0.863710 -0.713587 -0.270538
-19.901228 20.396410 8.843774 -0.860752 -0.716619 -0.271852
-19.987303 20.324748 8.816588 -0.857782 -0.719639 -0.273163
-20.073081 20.252784 8.789272 -0.854799 -0.722649 -0.274469
-20.158561 20.180519 8.761825 -0.851804 -0.725647 -0.275770
-20.243742 20.107954 8.734248 -0.848796 -0.728635 -0.277068
-20.328621 20.035091 8.706541 -0.845776 -0.731612 -0.278362
-20.413199 19.961930 8.678705 -0.842743 -0.734577 -0.279651
-20.497473 19.888472 8.650740 -0.839698 -0.737532 -0.280936
-20.581443 19.814719 8.622647 -0.836641 -0.740475 -0.282217
-20.665107 19.740671 8.594425 -0.833571 -0.743407 -0.283494
-20.748464 19.666331 8.566075 -0.830490 -0.746328 -0.284766
-20.831513 19.591698 8.537599 -0.827396 -0.749238 -0.286034
-20.914253 19.516774 8.508995 -0.824290 -0.752136 -0.287298
-20.996682 19.441560 8.480266 -0.821172 -0.755023 -0.288557
-21.078799 19.366058 8.451410 -0.818042 -0.757899 -0.289812
-21.160603 19.290268 8.422429 -0.814900 -0.760763 -0.291062
-21.242093 19.214192 8.393323 -0.811746 -0.763616 -0.292309
-21.323268 19.137830 8.364092 -0.808580 -0.766457 -0.293550
-21.404126 19.061184 8.334737 -0.805403 -0.769287 -0.294788
-21.484666 18.984256 8.305258 -0.802213 -0.772105 -0.296021
-21.564887 18.907045 8.275656 -0.799012 -0.774912 -0.297249
-21.644788 18.829554 8.245931 -0.795800 -0.777707 -0.298473
-21.724368 18.751783 8.216084 -0.792575 -0.780490 -0.299692
-21.803626 18.673734 8.186114 -0.789340 -0.783261 -0.300907
-21.882560 18.595408 8.156024 -0.786092 -0.786020 -0.302118
-21.961169 18.516806 8.125812 -0.782833 -0.788768 -0.303323
-22.039452 18.437929 8.095480 -0.779563 -0.791504 -0.304525
-22.117409 18.358779 8.065027 -0.776282 -0.794228 -0.305721
-22.195037 18.279356 8.034455 -0.772989 -0.796940 -0.306913
-22.272336 18.199662 8.003764 -0.769685 -0.799640 -0.308100
-22.349304 18.119698 7.972954 -0.766369 -0.802328 -0.309283
-22.425941 18.039465 7.942025 -0.763043 -0.805004 -0.310461
-22.502245 17.958965 7.910979 -0.759705 -0.807667 -0.311635
-22.578216 17.878198 7.879816 -0.756357 -0.810319 -0.312803
-22.653852 17.797166 7.848535 -0.752997 -0.812958 -0.313967
-22.729151 17.715871 7.817139 -0.749626 -0.815585 -0.315127
-22.804114 17.634312 7.785626 -0.746245 -0.818200 -0.316281
-22.878739 17.552492 7.753998 -0.742853 -0.820803 -0.317431
-22.953024 17.470412 7.722255 -0.739449 -0.823393 -0.318576
-23.026969 17.388072 7.690397 -0.736036 -0.825971 -0.319716
-23.100572 17.305475 7.658426 -0.732611 -0.828536 -0.320851
-23.173833 17.222622 7.626341 -0.729176 -0.831089 -0.321982
-23.246751 17.139513 7.594142 -0.725730 -0.833630 -0.323107
-23.319324 17.056150 7.561832 -0.722274 -0.836158 -0.324228
-23.391551 16.972534 7.529409 -0.718807 -0.838673 -0.325344
-23.463432 16.888667 7.496875 -0.715330 -0.841176 -0.326455
-23.534965 16.804549 7.464229 -0.711842 -0.843666 -0.327561
-23.606149 16.720182 7.431473 -0.708344 -0.846144 -0.328662
-23.676984 16.635568 7.398607 -0.704836 -0.848609 -0.329759
-23.747467 16.550707 7.365631 -0.701318 -0.851061 -0.330850
-23.817599 16.465601 7.332546 -0.697789 -0.853500 -0.331936
-23.887378 16.380251 7.299352 -0.694251 -0.855927 -0.333017
-23.956803 16.294658 7.266050 -0.690702 -0.858341 -0.334094
-24.025873 16.208824 7.232641 -0.687143 -0.860741 -0.335165
-24.094587 16.122750 7.199125 -0.683575 -0.863129 -0.336231
-24.162945 16.036437 7.165501 -0.679996 -0.865504 -0.337292
-24.230945 15.949887 7.131772 -0.676408 -0.867866 -0.338349
-24.298585 15.863100 7.097937 -0.672810 -0.870215 -0.339400
-24.365866 15.776079 7.063997 -0.669202 -0.872551 -0.340446
-24.432786 15.688823 7.029953 -0.665584 -0.874874 -0.341486
-24.499345 15.601336 6.995804 -0.661957 -0.877184 -0.342522
-24.565541 15.513618 6.961552 -0.658321 -0.879480 -0.343553
-24.631373 15.425670 6.927197 -0.654675 -0.881764 -0.344578
-24.696840 15.337493 6.892739 -0.651019 -0.884034 -0.345598
-24.761942 15.249090 6.858179 -0.647354 -0.886291 -0.346613
-24.826677 15.160461 6.823518 -0.643680 -0.888535 -0.347623
-24.891045 15.071607 6.788755 -0.639996 -0.890765 -0.348628
-24.955045 14.982531 6.753893 -0.636303 -0.892982 -0.349627
-25.018675 14.893232 6.718930 -0.632601 -0.895186 -0.350622
-25.081935 14.803714 6.683868 -0.628890 -0.897376 -0.351610
-25.144825 14.713976 6.648707 -0.625170 -0.899553 -0.352594
-25.207342 14.624021 6.613447 -0.621441 -0.901717 -0.353573
-25.269486 14.533849 6.578090 -0.617703 -0.903867 -0.354546
-25.331256 14.443463 6.542635 -0.613956 -0.906003 -0.355513
-25.392652 14.352862 6.507084 -0.610201 -0.908126 -0.356476
-25.453672 14.262050 6.471437 -0.606436 -0.910235 -0.357433
-25.514315 14.171026 6.435693 -0.602663 -0.912331 -0.358385
-25.574582 14.079793 6.399855 -0.598881 -0.914413 -0.359331
-25.634470 13.988352 6.363922 -0.595091 -0.916481 -0.360272
-25.693979 13.896704 6.327894 -0.591292 -0.918536 -0.361208
-25.753108 13.804850 6.291774 -0.587484 -0.920577 -0.362138
-25.811856 13.712793 6.255560 -0.583668 -0.922604 -0.363063
-25.870223 13.620532 6.219254 -0.579844 -0.924617 -0.363982
-25.928208 13.528070 6.182855 -0.576012 -0.926617 -0.364896
-25.985809 13.435409 6.146366 -0.572171 -0.928603 -0.365804
-26.043026 13.342548 6.109785 -0.568322 -0.930575 -0.366707
-26.099858 13.249491 6.073115 -0.564465 -0.932533 -0.367605
-26.156304 13.156238 6.036354 -0.560600 -0.934477 -0.368497
-26.212364 13.062790 5.999505 -0.556727 -0.936407 -0.369383
-26.268037 12.969149 5.962566 -0.552845 -0.938323 -0.370264
-26.323322 12.875317 5.925540 -0.548956 -0.940226 -0.371140
-26.378217 12.781294 5.888426 -0.545060 -0.942114 -0.372010
-26.432723 12.687083 5.851225 -0.541155 -0.943988 -0.372874
-26.486839 12.592684 5.813938 -0.537243 -0.945848 -0.373733
-26.540563 12.498099 5.776564 -0.533323 -0.947694 -0.374586
-26.593895 12.403330 5.739106 -0.529395 -0.949526 -0.375433
-26.646835 12.308377 5.701562 -0.525460 -0.951343 -0.376275
-26.699381 12.213243 5.663935 -0.521517 -0.953147 -0.377112
-26.751533 12.117928 5.626224 -0.517567 -0.954936 -0.377943
-26.803289 12.022435 5.588429 -0.513610 -0.956711 -0.378768
-26.854650 11.926764 5.550553 -0.509645 -0.958472 -0.379587
-26.905615 11.830917 5.512594 -0.505673 -0.960218 -0.380401
-26.956182 11.734895 5.474554 -0.501694 -0.961951 -0.381209
-27.006352 11.638700 5.436433 -0.497708 -0.963669 -0.382011
-27.056122 11.542333 5.398232 -0.493715 -0.965372 -0.382808
-27.105494 11.445796 5.359951 -0.489715 -0.967061 -0.383599
-27.154465 11.349089 5.321591 -0.485707 -0.968736 -0.384384
-27.203036 11.252216 5.283153 -0.481693 -0.970396 -0.385164
-27.251206 11.155176 5.244636 -0.477673 -0.972042 -0.385938
-27.298973 11.057972 5.206042 -0.473645 -0.973674 -0.386706
-27.346337 10.960605 5.167372 -0.469611 -0.975291 -0.387468
-27.393298 10.863076 5.128625 -0.465570 -0.976893 -0.388225
-27.439855 10.765386 5.089802 -0.461522 -0.978481 -0.388976
-27.486007 10.667538 5.050905 -0.457468 -0.980055 -0.389721
-27.531754 10.569533 5.011933 -0.453407 -0.981614 -0.390460
-27.577095 10.471371 4.972887 -0.449341 -0.983158 -0.391193
-27.622029 10.373055 4.933767 -0.445267 -0.984687 -0.391921
-27.666556 10.274587 4.894575 -0.441188 -0.986202 -0.392642
-27.710675 10.175966 4.855311 -0.437102 -0.987703 -0.393358
-27.754385 10.077196 4.815975 -0.433010 -0.989188 -0.394068
-27.797686 9.978277 4.776569 -0.428912 -0.990659 -0.394773
-27.840577 9.879211 4.737091 -0.424808 -0.992116 -0.395471
-27.883058 9.780000 4.697544 -0.420698 -0.993557 -0.396163
-27.925128 9.680644 4.657928 -0.416583 -0.994984 -0.396850
-27.966786 9.581146 4.618243 -0.412461 -0.996396 -0.397530
-28.008032 9.481506 4.578490 -0.408333 -0.997793 -0.398205
-28.048865 9.381727 4.538669 -0.404200 -0.999176 -0.398874
-28.089285 9.281809 4.498782 -0.400061 -1.000544 -0.399537
-28.129292 9.181755 4.458828 -0.395917 -1.001896 -0.400194
-28.168883 9.081565 4.418809 -0.391767 -1.003234 -0.400845
-28.208060 8.981242 4.378724 -0.387612 -1.004557 -0.401490
-28.246821 8.880786 4.338575 -0.383451 -1.005865 -0.402129
-28.285166 8.780199 4.298363 -0.379285 -1.007159 -0.402762
-28.323095 8.679484 4.258086 -0.375113 -1.008437 -0.403389
-28.360606 8.578640 4.217747 -0.370937 -1.009700 -0.404010
-28.397700 8.477670 4.177346 -0.366755 -1.010949 -0.404625
-28.434375 8.376575 4.136884 -0.362568 -1.012182 -0.405235
-28.470632 8.275357 4.096360 -0.358376 -1.013401 -0.405838
-28.506470 8.174017 4.055777 -0.354179 -1.014604 -0.406435
-28.541888 8.072556 4.015133 -0.349977 -1.015792 -0.407026
-28.576885 7.970977 3.974431 -0.345771 -1.016966 -0.407611
-28.611462 7.869280 3.933670 -0.341559 -1.018124 -0.408190
-28.645618 7.767468 3.892851 -0.337343 -1.019267 -0.408763
-28.679353 7.665541 3.851974 -0.333123 -1.020395 -0.409330
-28.712665 7.563502 3.811041 -0.328897 -1.021509 -0.409891
-28.745555 7.461351 3.770052 -0.324667 -1.022606 -0.410445
-28.778021 7.359090 3.729008 -0.320433 -1.023689 -0.410994
-28.810065 7.256721 3.687908 -0.316194 -1.024757 -0.411537
-28.841684 7.154246 3.646755 -0.311951 -1.025809 -0.412073
-28.872879 7.051665 3.605547 -0.307704 -1.026847 -0.412604
-28.903650 6.948980 3.564287 -0.303452 -1.027869 -0.413128
-28.933995 6.846193 3.522974 -0.299196 -1.028876 -0.413646
-28.963914 6.743306 3.481610 -0.294937 -1.029868 -0.414158
-28.993408 6.640319 3.440194 -0.290673 -1.030844 -0.414664
-29.022475 6.537234 3.398727 -0.286405 -1.031806 -0.415164
-29.051116 6.434054 3.357211 -0.282133 -1.032752 -0.415657
-29.079329 6.330779 3.315645 -0.277858 -1.033682 -0.416145
-29.107115 6.227410 3.274031 -0.273579 -1.034598 -0.416626
-29.134473 6.123951 3.232368 -0.269296 -1.035498 -0.417101
-29.161402 6.020401 3.190658 -0.265009 -1.036383 -0.417570
-29.187903 5.916762 3.148901 -0.260719 -1.037253 -0.418033
-29.213975 5.813037 3.107098 -0.256425 -1.038107 -0.418490
-29.239618 5.709226 3.065249 -0.252128 -1.038946 -0.418940
-29.264830 5.605332 3.023355 -0.247827 -1.039770 -0.419385
-29.289613 5.501355 2.981416 -0.243523 -1.040578 -0.419823
-29.313966 5.397297 2.939434 -0.239216 -1.041371 -0.420255
-29.337887 5.293160 2.897408 -0.234906 -1.042149 -0.420680
-29.361378 5.188945 2.855340 -0.230593 -1.042911 -0.421100
-29.384437 5.084654 2.813230 -0.226276 -1.043658 -0.421513
-29.407065 4.980288 2.771079 -0.221957 -1.044390 -0.421920
-29.429260 4.875849 2.728887 -0.217634 -1.045106 -0.422321
-29.451024 4.771338 2.686655 -0.213309 -1.045807 -0.422716
-29.472355 4.666758 2.644383 -0.208981 -1.046492 -0.423104
-29.493253 4.562109 2.602073 -0.204650 -1.047162 -0.423486
-29.513718 4.457392 2.559724 -0.200316 -1.047816 -0.423862
-29.533749 4.352611 2.517338 -0.195980 -1.048456 -0.424231
-29.553347 4.247765 2.474915 -0.191641 -1.049079 -0.424595
-29.572511 4.142857 2.432456 -0.187300 -1.049687 -0.424952
-29.591241 4.037888 2.389960 -0.182956 -1.050280 -0.425303
-29.609537 3.932860 2.347430 -0.178610 -1.050857 -0.425647
-29.627398 3.827775 2.304865 -0.174262 -1.051419 -0.425985
-29.644824 3.722633 2.262267 -0.169911 -1.051965 -0.426317
-29.661815 3.617436 2.219635 -0.165559 -1.052496 -0.426643
-29.678371 3.512187 2.176971 -0.161204 -1.053012 -0.426963
-29.694491 3.406886 2.134275 -0.156847 -1.053511 -0.427276
-29.710176 3.301534 2.091547 -0.152488 -1.053996 -0.427583
-29.725425 3.196135 2.048789 -0.148127 -1.054465 -0.427883
-29.740238 3.090688 2.006000 -0.143765 -1.054918 -0.428177
-29.754614 2.985196 1.963183 -0.139400 -1.055356 -0.428465
-29.768554 2.879661 1.920336 -0.135034 -1.055778 -0.428747
-29.782058 2.774083 1.877461 -0.130666 -1.056185 -0.429022
-29.795124 2.668465 1.834559 -0.126297 -1.056576 -0.429291
-29.807754 2.562807 1.791630 -0.121926 -1.056952 -0.429554
-29.819946 2.457112 1.748675 -0.117554 -1.057313 -0.429811
-29.831702 2.351380 1.705694 -0.113180 -1.057657 -0.430061
-29.843020 2.245615 1.662687 -0.108805 -1.057987 -0.430304
-29.853900 2.139816 1.619657 -0.104428 -1.058300 -0.430542
-29.864343 2.033986 1.576603 -0.100051 -1.058598 -0.430773
-29.874348 1.928126 1.533526 -0.095672 -1.058881 -0.430998
-29.883915 1.822238 1.490426 -0.091292 -1.059148 -0.431216
-29.893045 1.716323 1.447304 -0.086911 -1.059400 -0.431428
-29.901736 1.610383 1.404161 -0.082530 -1.059636 -0.431634
-29.909989 1.504420 1.360998 -0.078147 -1.059856 -0.431833
-29.917804 1.398434 1.317815 -0.073764 -1.060061 -0.432027
-29.925180 1.292428 1.274612 -0.069379 -1.060250 -0.432213
-29.932118 1.186403 1.231391 -0.064994 -1.060424 -0.432394
-29.938617 1.080361 1.188151 -0.060609 -1.060582 -0.432568
-29.944678 0.974302 1.144894 -0.056223 -1.060725 -0.432735
-29.950300 0.868230 1.101621 -0.051836 -1.060852 -0.432897
-29.955484 0.762145 1.058331 -0.047449 -1.060964 -0.433052
-29.960229 0.656048 1.015026 -0.043062 -1.061060 -0.433200
-29.964535 0.549942 0.971706 -0.038674 -1.061140 -0.433343
-29.968402 0.443828 0.928372 -0.034286 -1.061205 -0.433479
-29.971831 0.337708 0.885024 -0.029898 -1.061255 -0.433608
-29.974821 0.231582 0.841663 -0.025509 -1.061289 -0.433731
-29.977372 0.125453 0.798290 -0.021121 -1.061307 -0.433848
-29.979484 0.019323 0.754905 -0.016733 -1.061310 -0.433959
-29.981157 -0.086808 0.711509 -0.012345 -1.061297 -0.434063
-29.982392 -0.192938 0.668103 -0.007956 -1.061269 -0.434161
-29.983187 -0.299065 0.624687 -0.003569 -1.061225 -0.434252
-29.983544 -0.405187 0.581262 0.000819 -1.061166 -0.434337
-29.983462 -0.511304 0.537828 0.005206 -1.061091 -0.434416
-29.982942 -0.617413 0.494386 0.009593 -1.061001 -0.434488
-29.981982 -0.723513 0.450937 0.013980 -1.060895 -0.434554
-29.980584 -0.829603 0.407482 0.018366 -1.060774 -0.434614
-29.978748 -0.935680 0.364021 0.022751 -1.060637 -0.434667
-29.976473 -1.041744 0.320554 0.027136 -1.060484 -0.434714
-29.973759 -1.147792 0.277083 0.031520 -1.060316 -0.434754
-29.970607 -1.253824 0.233607 0.035903 -1.060133 -0.434789
-29.967017 -1.359837 0.190128 0.040285 -1.059934 -0.434816
-29.962988 -1.465831 0.146647 0.044667 -1.059720 -0.434838
-29.958522 -1.571802 0.103163 0.049047 -1.059490 -0.434853
-29.953617 -1.677751 0.059678 0.053426 -1.059245 -0.434862
-29.948274 -1.783676 0.016191 0.057805 -1.058984 -0.434864
-29.942494 -1.889574 -0.027295 0.062182 -1.058708 -0.434860
-29.936276 -1.995445 -0.070781 0.066558 -1.058416 -0.434850
-29.929620 -2.101287 -0.114266 0.070933 -1.058109 -0.434833
-29.922527 -2.207098 -0.157749 0.075306 -1.057786 -0.434810
-29.914996 -2.312876 -0.201230 0.079678 -1.057448 -0.434781
-29.907028 -2.418621 -0.244708 0.084048 -1.057095 -0.434745
-29.898623 -2.524331 -0.288183 0.088417 -1.056726 -0.434703
-29.889782 -2.630003 -0.331653 0.092784 -1.056342 -0.434654
-29.880503 -2.735637 -0.375119 0.097150 -1.055942 -0.434599
-29.870788 -2.841232 -0.418578 0.101514 -1.055527 -0.434538
-29.860637 -2.946784 -0.462032 0.105876 -1.055096 -0.434471
-29.850049 -3.052294 -0.505479 0.110236 -1.054651 -0.434397
-29.839026 -3.157759 -0.548919 0.114594 -1.054189 -0.434317
-29.827566 -3.263178 -0.592351 0.118951 -1.053713 -0.434230
-29.815671 -3.368549 -0.635774 0.123305 -1.053221 -0.434137
-29.803341 -3.473871 -0.679187 0.127657 -1.052714 -0.434038
-29.790575 -3.579143 -0.722591 0.132007 -1.052191 -0.433933
-29.777374 -3.684362 -0.765985 0.136355 -1.051653 -0.433821
-29.763739 -3.789527 -0.809367 0.140700 -1.051100 -0.433703
-29.749669 -3.894637 -0.852737 0.145044 -1.050531 -0.433578
-29.735164 -3.999690 -0.896095 0.149384 -1.049947 -0.433447
-29.720226 -4.104685 -0.939440 0.153722 -1.049348 -0.433310
-29.704854 -4.209620 -0.982771 0.158058 -1.048734 -0.433167
-29.689048 -4.314493 -1.026087 0.162391 -1.048104 -0.433017
-29.672809 -4.419303 -1.069389 0.166721 -1.047459 -0.432861
-29.656137 -4.524049 -1.112675 0.171049 -1.046799 -0.432699
-29.639032 -4.628729 -1.155945 0.175374 -1.046124 -0.432530
-29.621494 -4.733342 -1.199198 0.179696 -1.045433 -0.432355
-29.603525 -4.837885 -1.242433 0.184015 -1.044727 -0.432174
-29.585123 -4.942358 -1.285651 0.188331 -1.044006 -0.431986
-29.566290 -5.046758 -1.328849 0.192644 -1.043270 -0.431792
-29.547026 -5.151085 -1.372029 0.196954 -1.042519 -0.431592
-29.527330 -5.255337 -1.415188 0.201260 -1.041752 -0.431386
-29.507204 -5.359512 -1.458326 0.205564 -1.040970 -0.431173
-29.486648 -5.463609 -1.501444 0.209864 -1.040174 -0.430954
-29.465661 -5.567627 -1.544539 0.214161 -1.039362 -0.430729
-29.444245 -5.671563 -1.587612 0.218454 -1.038535 -0.430497
-29.422400 -5.775416 -1.630662 0.222744 -1.037693 -0.430260
-29.400125 -5.879186 -1.673688 0.227031 -1.036835 -0.430016
-29.377422 -5.982869 -1.716689 0.231314 -1.035963 -0.429765
-29.354291 -6.086465 -1.759666 0.235593 -1.035076 -0.429509
-29.330732 -6.189973 -1.802617 0.239868 -1.034174 -0.429246
-29.306745 -6.293390 -1.845541 0.244140 -1.033256 -0.428977
-29.282331 -6.396716 -1.888439 0.248407 -1.032324 -0.428702
-29.257490 -6.499948 -1.931309 0.252671 -1.031377 -0.428420
-29.232223 -6.603086 -1.974151 0.256931 -1.030415 -0.428133
-29.206530 -6.706128 -2.016965 0.261187 -1.029437 -0.427839
-29.180411 -6.809071 -2.059748 0.265439 -1.028445 -0.427539
-29.153867 -6.911916 -2.102502 0.269686 -1.027438 -0.427232
-29.126899 -7.014660 -2.145226 0.273930 -1.026416 -0.426920
-29.099506 -7.117301 -2.187917 0.278169 -1.025379 -0.426601
-29.071689 -7.219839 -2.230578 0.282404 -1.024328 -0.426276
-29.043449 -7.322272 -2.273205 0.286634 -1.023261 -0.425945
-29.014785 -7.424598 -2.315800 0.290860 -1.022180 -0.425608
-28.985699 -7.526816 -2.358361 0.295081 -1.021084 -0.425264
-28.956191 -7.628924 -2.400887 0.299298 -1.019973 -0.424915
-28.926261 -7.730922 -2.443378 0.303510 -1.018847 -0.424559
-28.895910 -7.832806 -2.485834 0.307718 -1.017706 -0.424197
-28.865139 -7.934577 -2.528254 0.311920 -1.016551 -0.423829
-28.833947 -8.036232 -2.570637 0.316118 -1.015381 -0.423455
-28.802335 -8.137770 -2.612982 0.320311 -1.014197 -0.423074
-28.770304 -8.239190 -2.655290 0.324499 -1.012997 -0.422688
-28.737854 -8.340490 -2.697559 0.328682 -1.011783 -0.422295
-28.704985 -8.441668 -2.739788 0.332860 -1.010554 -0.421896
-28.671699 -8.542723 -2.781978 0.337033 -1.009311 -0.421491
-28.637996 -8.643655 -2.824127 0.341201 -1.008053 -0.421080
-28.603876 -8.744460 -2.866235 0.345363 -1.006781 -0.420663
-28.569340 -8.845138 -2.908301 0.349521 -1.005494 -0.420240
-28.534388 -8.945687 -2.950325 0.353673 -1.004192 -0.419811
-28.499020 -9.046106 -2.992306 0.357819 -1.002876 -0.419375
-28.463238 -9.146394 -3.034244 0.361960 -1.001545 -0.418934
-28.427042 -9.246549 -3.076137 0.366095 -1.000200 -0.418486
-28.390433 -9.346569 -3.117986 0.370225 -0.998840 -0.418033
-28.353410 -9.446453 -3.159789 0.374349 -0.997466 -0.417573
-28.315975 -9.546199 -3.201546 0.378468 -0.996078 -0.417108
-28.278129 -9.645807 -3.243257 0.382580 -0.994675 -0.416636
-28.239871 -9.745275 -3.284921 0.386687 -0.993258 -0.416158
-28.201202 -9.844600 -3.326537 0.390788 -0.991826 -0.415675
-28.162123 -9.943783 -3.368104 0.394883 -0.990380 -0.415185
-28.122635 -10.042821 -3.409623 0.398972 -0.988920 -0.414689
-28.082738 -10.141713 -3.451091 0.403055 -0.987446 -0.414187
-28.042432 -10.240458 -3.492510 0.407132 -0.985957 -0.413679
-28.001719 -10.339053 -3.533878 0.411203 -0.984454 -0.413166
-27.960599 -10.437499 -3.575195 0.415267 -0.982937 -0.412646
-27.919072 -10.535792 -3.616459 0.419325 -0.981405 -0.412120
-27.877139 -10.633933 -3.657671 0.423377 -0.979860 -0.411589
-27.834802 -10.731919 -3.698830 0.427423 -0.978300 -0.411051
-27.792059 -10.829749 -3.739935 0.431461 -0.976726 -0.410508
-27.748913 -10.927421 -3.780986 0.435494 -0.975138 -0.409958
-27.705364 -11.024935 -3.821982 0.439520 -0.973536 -0.409403
-27.661412 -11.122289 -3.862922 0.443539 -0.971920 -0.408842
-27.617058 -11.219481 -3.903806 0.447551 -0.970290 -0.408274
-27.572303 -11.316510 -3.944634 0.451557 -0.968646 -0.407701
-27.527147 -11.413374 -3.985404 0.455556 -0.966988 -0.407122
-27.481592 -11.510073 -4.026116 0.459548 -0.965316 -0.406538
-27.435637 -11.606605 -4.066770 0.463533 -0.963630 -0.405947
-27.389283 -11.702968 -4.107365 0.467512 -0.961930 -0.405350
-27.342532 -11.799161 -4.147900 0.471483 -0.960216 -0.404748
-27.295384 -11.895182 -4.188374 0.475447 -0.958489 -0.404140
-27.247839 -11.991031 -4.228788 0.479404 -0.956747 -0.403525
-27.199899 -12.086706 -4.269141 0.483353 -0.954992 -0.402905
-27.151564 -12.182205 -4.309431 0.487296 -0.953223 -0.402280
-27.102834 -12.277528 -4.349659 0.491231 -0.951441 -0.401648
-27.053711 -12.372672 -4.389824 0.495159 -0.949645 -0.401011
-27.004195 -12.467636 -4.429925 0.499079 -0.947835 -0.400368
-26.954287 -12.562420 -4.469962 0.502992 -0.946011 -0.399719
-26.903988 -12.657021 -4.509934 0.506897 -0.944174 -0.399064
-26.853298 -12.751438 -4.549840 0.510795 -0.942323 -0.398404
-26.802219 -12.845670 -4.589681 0.514685 -0.940458 -0.397738
-26.750750 -12.939716 -4.629455 0.518568 -0.938580 -0.397066
-26.698893 -13.033574 -4.669161 0.522443 -0.936689 -0.396388
-26.646649 -13.127243 -4.708800 0.526309 -0.934784 -0.395705
-26.594018 -13.220721 -4.748370 0.530168 -0.932865 -0.395016
-26.541001 -13.314008 -4.787872 0.534019 -0.930933 -0.394321
-26.487599 -13.407101 -4.827304 0.537863 -0.928988 -0.393621
-26.433813 -13.500000 -4.866666 0.541698 -0.927030 -0.392915
-26.379643 -13.592703 -4.905958 0.545525 -0.925058 -0.392203
-26.325091 -13.685209 -4.945178 0.549344 -0.923072 -0.391485
-26.270156 -13.777516 -4.984326 0.553154 -0.921074 -0.390762
-26.214841 -13.869623 -5.023403 0.556957 -0.919062 -0.390034
-26.159145 -13.961530 -5.062406 0.560751 -0.917037 -0.389300
-26.103070 -14.053233 -5.101336 0.564537 -0.914999 -0.388560
-26.046617 -14.144733 -5.140192 0.568314 -0.912948 -0.387814
-25.989785 -14.236028 -5.178973 0.572083 -0.910883 -0.387063
-25.932577 -14.327116 -5.217680 0.575844 -0.908806 -0.386307
-25.874992 -14.417997 -5.256310 0.579595 -0.906715 -0.385544
-25.817033 -14.508668 -5.294865 0.583339 -0.904611 -0.384777
-25.758699 -14.599129 -5.333342 0.587073 -0.902495 -0.384003
-25.699992 -14.689379 -5.371743 0.590799 -0.900365 -0.383225
-25.640912 -14.779415 -5.410065 0.594516 -0.898222 -0.382440
-25.581460 -14.869238 -5.448309 0.598225 -0.896067 -0.381651
-25.521638 -14.958844 -5.486474 0.601924 -0.893899 -0.380855
-25.461445 -15.048234 -5.524560 0.605615 -0.891717 -0.380055
-25.400884 -15.137406 -5.562565 0.609296 -0.889523 -0.379248
-25.339954 -15.226358 -5.600490 0.612969 -0.887317 -0.378437
-25.278657 -15.315090 -5.638334 0.616632 -0.885097 -0.377620
-25.216994 -15.403600 -5.676096 0.620286 -0.882865 -0.376797
-25.154965 -15.491886 -5.713775 0.623931 -0.880620 -0.375969
-25.092572 -15.579948 -5.751372 0.627567 -0.878363 -0.375136
-25.029816 -15.667785 -5.788886 0.631194 -0.876093 -0.374297
-24.966696 -15.755394 -5.826316 0.634811 -0.873810 -0.373453
-24.903215 -15.842775 -5.863661 0.638419 -0.871515 -0.372603
-24.839373 -15.929926 -5.900921 0.642017 -0.869207 -0.371748
-24.775171 -16.016847 -5.938096 0.645606 -0.866887 -0.370888
-24.710611 -16.103536 -5.975185 0.649186 -0.864554 -0.370023
-24.645692 -16.189991 -6.012187 0.652756 -0.862209 -0.369152
-24.580417 -16.276212 -6.049102 0.656316 -0.859852 -0.368276
-24.514785 -16.362197 -6.085930 0.659866 -0.857482 -0.367394
-24.448798 -16.447945 -6.122669 0.663407 -0.855100 -0.366508
-24.382458 -16.533455 -6.159320 0.666938 -0.852706 -0.365616
-24.315764 -16.618726 -6.195882 0.670459 -0.850299 -0.364718
-24.248718 -16.703756 -6.232354 0.673970 -0.847880 -0.363816
-24.181321 -16.788544 -6.268735 0.677472 -0.845450 -0.362908
-24.113574 -16.873089 -6.305026 0.680963 -0.843007 -0.361995
-24.045478 -16.957389 -6.341226 0.684444 -0.840551 -0.361077
-23.977033 -17.041445 -6.377333 0.687915 -0.838084 -0.360154
-23.908242 -17.125253 -6.413349 0.691376 -0.835605 -0.359226
-23.839104 -17.208814 -6.449271 0.694827 -0.833114 -0.358292
-23.769621 -17.292125 -6.485100 0.698268 -0.830611 -0.357353
-23.699794 -17.375186 -6.520836 0.701698 -0.828096 -0.356410
-23.629625 -17.457996 -6.556477 0.705118 -0.825569 -0.355461
-23.559113 -17.540553 -6.592023 0.708528 -0.823031 -0.354507
-23.488260 -17.622856 -6.627473 0.711927 -0.820480 -0.353547
-23.417067 -17.704904 -6.662828 0.715316 -0.817918 -0.352583
-23.345536 -17.786696 -6.698086 0.718694 -0.815344 -0.351614
-23.273666 -17.868230 -6.733248 0.722062 -0.812759 -0.350640
-23.201460 -17.949506 -6.768312 0.725419 -0.810162 -0.349660
-23.128918 -18.030522 -6.803278 0.728766 -0.807553 -0.348676
-23.056042 -18.111277 -6.838145 0.732101 -0.804932 -0.347687
-22.982831 -18.191771 -6.872914 0.735426 -0.802301 -0.346692
-22.909289 -18.272001 -6.907583 0.738741 -0.799657 -0.345693
-22.835415 -18.351966 -6.942153 0.742044 -0.797002 -0.344689
-22.761210 -18.431667 -6.976622 0.745336 -0.794336 -0.343680
-22.686677 -18.511100 -7.010989 0.748618 -0.791659 -0.342665
-22.611815 -18.590266 -7.045256 0.751888 -0.788970 -0.341646
-22.536626 -18.669163 -7.079421 0.755148 -0.786270 -0.340622
-22.461111 -18.747790 -7.113483 0.758396 -0.783558 -0.339594
-22.385272 -18.826146 -7.147442 0.761634 -0.780836 -0.338560
-22.309108 -18.904229 -7.181298 0.764860 -0.778102 -0.337521
-22.232622 -18.982040 -7.215050 0.768075 -0.775357 -0.336478
-22.155815 -19.059575 -7.248698 0.771279 -0.772601 -0.335430
-22.078687 -19.136835 -7.282241 0.774471 -0.769834 -0.334377
-22.001240 -19.213819 -7.315679 0.777652 -0.767056 -0.333319
-21.923475 -19.290524 -7.349011 0.780822 -0.764267 -0.332257
-21.845392 -19.366951 -7.382237 0.783980 -0.761467 -0.331189
-21.766994 -19.443098 -7.415355 0.787127 -0.758656 -0.330117
-21.688282 -19.518963 -7.448367 0.790263 -0.755834 -0.329041
-21.609255 -19.594547 -7.481271 0.793386 -0.753001 -0.327959
-21.529917 -19.669847 -7.514067 0.796498 -0.750158 -0.326873
-21.450267 -19.744863 -7.546755 0.799599 -0.747304 -0.325782
-21.370307 -19.819593 -7.579333 0.802688 -0.744439 -0.324687
-21.290038 -19.894037 -7.611801 0.805765 -0.741564 -0.323587
-21.209462 -19.968193 -7.644160 0.808830 -0.738678 -0.322482
-21.128579 -20.042061 -7.676408 0.811884 -0.735782 -0.321372
-21.047390 -20.115639 -7.708545 0.814925 -0.732875 -0.320258
-20.965898 -20.188927 -7.740571 0.817955 -0.729957 -0.319140
-20.884102 -20.261923 -7.772485 0.820973 -0.727029 -0.318017
-20.802005 -20.334625 -7.804287 0.823979 -0.724091 -0.316889
-20.719607 -20.407035 -7.835976 0.826973 -0.721142 -0.315757
-20.636910 -20.479149 -7.867551 0.829954 -0.718184 -0.314620
-20.553914 -20.550967 -7.899013 0.832924 -0.715214 -0.313479
-20.470622 -20.622489 -7.930361 0.835881 -0.712235 -0.312333
-20.387034 -20.693712 -7.961595 0.838827 -0.709245 -0.311183
-20.303151 -20.764637 -7.992713 0.841760 -0.706246 -0.310028
-20.218975 -20.835261 -8.023716 0.844680 -0.703236 -0.308869
-20.134507 -20.905585 -8.054603 0.847589 -0.700216 -0.307706
-20.049748 -20.975606 -8.085373 0.850485 -0.697186 -0.306538
-19.964700 -21.045325 -8.116027 0.853369 -0.694146 -0.305365
-19.879363 -21.114740 -8.146564 0.856240 -0.691097 -0.304189
-19.793739 -21.183849 -8.176982 0.859099 -0.688037 -0.303008
-19.707829 -21.252653 -8.207283 0.861945 -0.684968 -0.301822
-19.621635 -21.321150 -8.237465 0.864779 -0.681889 -0.300633
-19.535157 -21.389339 -8.267529 0.867600 -0.678800 -0.299439
-19.448397 -21.457219 -8.297473 0.870408 -0.675701 -0.298241
-19.361356 -21.524789 -8.327297 0.873204 -0.672593 -0.297038
-19.274035 -21.592048 -8.357000 0.875987 -0.669475 -0.295831
-19.186437 -21.658996 -8.386584 0.878758 -0.666348 -0.294621
-19.098561 -21.725630 -8.416046 0.881515 -0.663211 -0.293405
-19.010409 -21.791952 -8.445386 0.884260 -0.660065 -0.292186
-18.921983 -21.857958 -8.474605 0.886992 -0.656909 -0.290962
-18.833284 -21.923649 -8.503701 0.889711 -0.653744 -0.289735
-18.744313 -21.989023 -8.532675 0.892417 -0.650569 -0.288503
-18.655071 -22.054080 -8.561525 0.895110 -0.647385 -0.287267
-18.565560 -22.118819 -8.590252 0.897790 -0.644192 -0.286027
-18.475781 -22.183238 -8.618854 0.900457 -0.640990 -0.284783
-18.385736 -22.247337 -8.647333 0.903111 -0.637779 -0.283535
-18.295425 -22.311115 -8.675686 0.905752 -0.634558 -0.282282
-18.204850 -22.374571 -8.703914 0.908379 -0.631329 -0.281026
-18.114012 -22.437704 -8.732017 0.910994 -0.628091 -0.279766
-18.022912 -22.500513 -8.759993 0.913595 -0.624843 -0.278501
-17.931553 -22.562997 -8.787844 0.916183 -0.621587 -0.277233
-17.839934 -22.625156 -8.815567 0.918758 -0.618322 -0.275961
-17.748059 -22.686988 -8.843163 0.921319 -0.615047 -0.274685
-17.655927 -22.748493 -8.870631 0.923867 -0.611765 -0.273405
-17.563540 -22.809669 -8.897972 0.926401 -0.608473 -0.272121
-17.470900 -22.870516 -8.925184 0.928922 -0.605173 -0.270833
-17.378008 -22.931034 -8.952267 0.931430 -0.601864 -0.269541
-17.284865 -22.991220 -8.979221 0.933924 -0.598547 -0.268245
-17.191472 -23.051075 -9.006046 0.936404 -0.595221 -0.266946
-17.097832 -23.110597 -9.032740 0.938871 -0.591886 -0.265643
-17.003945 -23.169785 -9.059305 0.941325 -0.588543 -0.264335
-16.909812 -23.228640 -9.085738 0.943764 -0.585192 -0.263025
-16.815436 -23.287159 -9.112041 0.946190 -0.581832 -0.261710
-16.720817 -23.345342 -9.138212 0.948602 -0.578465 -0.260392
-16.625957 -23.403189 -9.164251 0.951001 -0.575088 -0.259070
-16.530857 -23.460697 -9.190158 0.953386 -0.571704 -0.257744
-16.435518 -23.517868 -9.215932 0.955756 -0.568312 -0.256415
-16.339942 -23.574699 -9.241574 0.958113 -0.564911 -0.255081
-16.244131 -23.631190 -9.267082 0.960457 -0.561502 -0.253745
-16.148085 -23.687340 -9.292456 0.962786 -0.558086 -0.252404
-16.051807 -23.743149 -9.317697 0.965101 -0.554661 -0.251060
-15.955297 -23.798615 -9.342803 0.967402 -0.551228 -0.249713
-15.858557 -23.853738 -9.367774 0.969690 -0.547788 -0.248362
-15.761588 -23.908517 -9.392610 0.971963 -0.544340 -0.247007
-15.664391 -23.962951 -9.417311 0.974222 -0.540884 -0.245649
-15.566969 -24.017039 -9.441876 0.976467 -0.537420 -0.244287
-15.469322 -24.070781 -9.466305 0.978698 -0.533949 -0.242922
-15.371453 -24.124176 -9.490597 0.980915 -0.530470 -0.241553
-15.273361 -24.177223 -9.514752 0.983117 -0.526983 -0.240181
-15.175050 -24.229921 -9.538770 0.985305 -0.523489 -0.238806
-15.076519 -24.282270 -9.562651 0.987479 -0.519988 -0.237427
-14.977771 -24.334269 -9.586394 0.989639 -0.516479 -0.236045
-14.878807 -24.385917 -9.609998 0.991784 -0.512963 -0.234659
-14.779629 -24.437213 -9.633464 0.993916 -0.509439 -0.233270
-14.680237 -24.488157 -9.656791 0.996032 -0.505908 -0.231878
-14.580634 -24.538748 -9.679979 0.998134 -0.502370 -0.230482
-14.480821 -24.588985 -9.703027 1.000222 -0.498825 -0.229083
-14.380798 -24.638867 -9.725935 1.002296 -0.495273 -0.227681
-14.280569 -24.688395 -9.748703 1.004354 -0.491713 -0.226275
-14.180133 -24.737566 -9.771331 1.006399 -0.488147 -0.224866
-14.079493 -24.786381 -9.793817 1.008429 -0.484574 -0.223455
-13.978651 -24.834838 -9.816163 1.010444 -0.480993 -0.222039
-13.877606 -24.882937 -9.838367 1.012444 -0.477406 -0.220621
-13.776362 -24.930678 -9.860429 1.014430 -0.473812 -0.219200
-13.674919 -24.978059 -9.882349 1.016402 -0.470212 -0.217775
-13.573279 -25.025080 -9.904126 1.018358 -0.466604 -0.216347
-13.471443 -25.071741 -9.925761 1.020300 -0.462990 -0.214917
-13.369413 -25.118040 -9.947253 1.022227 -0.459370 -0.213483
-13.267190 -25.163977 -9.968601 1.024140 -0.455743 -0.212046
-13.164776 -25.209551 -9.989806 1.026037 -0.452109 -0.210606
-13.062172 -25.254762 -10.010866 1.027920 -0.448469 -0.209163
-12.959380 -25.299609 -10.031783 1.029788 -0.444822 -0.207717
-12.856402 -25.344091 -10.052554 1.031641 -0.441169 -0.206268
-12.753238 -25.388208 -10.073181 1.033479 -0.437510 -0.204816
-12.649890 -25.431959 -10.093663 1.035302 -0.433845 -0.203362
-12.546359 -25.475344 -10.113999 1.037110 -0.430173 -0.201904
-12.442648 -25.518361 -10.134189 1.038903 -0.426496 -0.200444
-12.338758 -25.561011 -10.154234 1.040682 -0.422812 -0.198980
-12.234690 -25.603292 -10.174132 1.042445 -0.419122 -0.197514
-12.130445 -25.645204 -10.193883 1.044193 -0.415426 -0.196045
-12.026026 -25.686747 -10.213488 1.045926 -0.411725 -0.194573
-11.921434 -25.727919 -10.232945 1.047644 -0.408017 -0.193098
-11.816669 -25.768721 -10.252255 1.049347 -0.404304 -0.191621
-11.711735 -25.809151 -10.271417 1.051034 -0.400584 -0.190141
-11.606631 -25.849210 -10.290431 1.052707 -0.396860 -0.188658
-11.501360 -25.888896 -10.309297 1.054364 -0.393129 -0.187172
-11.395924 -25.928208 -10.328014 1.056006 -0.389393 -0.185684
-11.290323 -25.967148 -10.346582 1.057633 -0.385651 -0.184193
-11.184560 -26.005713 -10.365002 1.059245 -0.381904 -0.182700
-11.078635 -26.043903 -10.383272 1.060841 -0.378151 -0.181204
-10.972551 -26.081718 -10.401392 1.062422 -0.374393 -0.179705
-10.866309 -26.119158 -10.419362 1.063988 -0.370630 -0.178204
-10.759910 -26.156221 -10.437183 1.065538 -0.366861 -0.176700
-10.653357 -26.192907 -10.454853 1.067073 -0.363087 -0.175193
-10.546649 -26.229215 -10.472372 1.068593 -0.359308 -0.173685
-10.439790 -26.265146 -10.489741 1.070097 -0.355524 -0.172173
-10.332780 -26.300699 -10.506958 1.071586 -0.351735 -0.170659
-10.225622 -26.335872 -10.524024 1.073059 -0.347940 -0.169143
-10.118316 -26.370666 -10.540938 1.074517 -0.344141 -0.167625
-10.010864 -26.405080 -10.557701 1.075959 -0.340337 -0.166103
-9.903268 -26.439114 -10.574311 1.077386 -0.336528 -0.164580
-9.795530 -26.472767 -10.590769 1.078797 -0.332714 -0.163054
-9.687650 -26.506038 -10.607074 1.080193 -0.328895 -0.161526
-9.579631 -26.538928 -10.623227 1.081573 -0.325072 -0.159996
-9.471473 -26.571435 -10.639227 1.082937 -0.321244 -0.158463
-9.363180 -26.603559 -10.655073 1.084286 -0.317411 -0.156928
-9.254751 -26.635300 -10.670766 1.085619 -0.313574 -0.155391
-9.146189 -26.666658 -10.686305 1.086937 -0.309733 -0.153851
-9.037495 -26.697631 -10.701690 1.088239 -0.305886 -0.152310
-8.928672 -26.728220 -10.716921 1.089525 -0.302036 -0.150766
-8.819719 -26.758423 -10.731997 1.090796 -0.298181 -0.149220
-8.710640 -26.788241 -10.746919 1.092050 -0.294322 -0.147672
-8.601434 -26.817674 -10.761687 1.093289 -0.290459 -0.146121
-8.492106 -26.846719 -10.776299 1.094513 -0.286592 -0.144569
-8.382654 -26.875379 -10.790756 1.095720 -0.282720 -0.143015
-8.273082 -26.903651 -10.805057 1.096912 -0.278845 -0.141458
-8.163391 -26.931535 -10.819203 1.098088 -0.274966 -0.139900
-8.053582 -26.959032 -10.833193 1.099248 -0.271082 -0.138339
-7.943657 -26.986140 -10.847027 1.100392 -0.267195 -0.136777
-7.833618 -27.012859 -10.860704 1.101521 -0.263304 -0.135212
-7.723466 -27.039190 -10.874226 1.102633 -0.259409 -0.133646
-7.613203 -27.065131 -10.887590 1.103730 -0.255510 -0.132077
-7.502830 -27.090682 -10.900798 1.104811 -0.251608 -0.130507
-7.392349 -27.115843 -10.913849 1.105876 -0.247702 -0.128935
-7.281761 -27.140613 -10.926742 1.106924 -0.243793 -0.127361
-7.171069 -27.164992 -10.939478 1.107957 -0.239880 -0.125786
-7.060273 -27.188980 -10.952057 1.108974 -0.235963 -0.124208
-6.949376 -27.212576 -10.964478 1.109975 -0.232044 -0.122629
-6.838378 -27.235781 -10.976741 1.110960 -0.228121 -0.121048
-6.727282 -27.258593 -10.988845 1.111929 -0.224194 -0.119465
-6.616089 -27.281012 -11.000792 1.112882 -0.220265 -0.117880
-6.504801 -27.303039 -11.012580 1.113819 -0.216332 -0.116294
-6.393419 -27.324672 -11.024209 1.114740 -0.212396 -0.114706
-6.281945 -27.345912 -11.035680 1.115645 -0.208457 -0.113116
-6.170380 -27.366757 -11.046991 1.116534 -0.204515 -0.111525
-6.058727 -27.387209 -11.058144 1.117406 -0.200571 -0.109932
-5.946986 -27.407266 -11.069137 1.118263 -0.196623 -0.108338
-5.835160 -27.426928 -11.079971 1.119104 -0.192672 -0.106742
-5.723250 -27.446195 -11.090645 1.119928 -0.188719 -0.105145
-5.611257 -27.465067 -11.101160 1.120736 -0.184763 -0.103546
-5.499183 -27.483544 -11.111514 1.121528 -0.180805 -0.101945
-5.387030 -27.501624 -11.121709 1.122304 -0.176843 -0.100343
-5.274800 -27.519308 -11.131743 1.123064 -0.172879 -0.098740
-5.162494 -27.536596 -11.141617 1.123808 -0.168913 -0.097135
-5.050113 -27.553488 -11.151331 1.124535 -0.164944 -0.095529
-4.937659 -27.569982 -11.160883 1.125246 -0.160973 -0.093921
-4.825135 -27.586079 -11.170276 1.125941 -0.157000 -0.092312
-4.712541 -27.601779 -11.179507 1.126620 -0.153024 -0.090702
-4.599879 -27.617082 -11.188577 1.127282 -0.149046 -0.089090
-4.487150 -27.631986 -11.197486 1.127929 -0.145066 -0.087477
-4.374358 -27.646493 -11.206234 1.128559 -0.141084 -0.085863
-4.261502 -27.660601 -11.214820 1.129173 -0.137100 -0.084248
-4.148584 -27.674311 -11.223245 1.129770 -0.133113 -0.082631
-4.035607 -27.687623 -11.231508 1.130352 -0.129125 -0.081014
-3.922572 -27.700535 -11.239609 1.130917 -0.125135 -0.079395
-3.809481 -27.713049 -11.247549 1.131465 -0.121143 -0.077774
-3.696334 -27.725163 -11.255326 1.131998 -0.117150 -0.076153
-3.583134 -27.736878 -11.262942 1.132514 -0.113154 -0.074531
-3.469883 -27.748193 -11.270395 1.133014 -0.109157 -0.072907
-3.356581 -27.759109 -11.277685 1.133497 -0.105159 -0.071283
-3.243232 -27.769625 -11.284814 1.133964 -0.101159 -0.069657
-3.129835 -27.779741 -11.291779 1.134415 -0.097157 -0.068031
-3.016394 -27.789457 -11.298583 1.134850 -0.093154 -0.066403
-2.902909 -27.798772 -11.305223 1.135268 -0.089150 -0.064775
-2.789382 -27.807687 -11.311700 1.135670 -0.085144 -0.063145
-2.675815 -27.816201 -11.318015 1.136055 -0.081137 -0.061515
-2.562210 -27.824315 -11.324166 1.136424 -0.077129 -0.059884
-2.448567 -27.832028 -11.330155 1.136777 -0.073120 -0.058252
-2.334889 -27.839340 -11.335980 1.137113 -0.069109 -0.056619
-2.221178 -27.846251 -11.341642 1.137433 -0.065098 -0.054985
-2.107435 -27.852761 -11.347140 1.137737 -0.061086 -0.053350
-1.993661 -27.858869 -11.352475 1.138024 -0.057072 -0.051715
-1.879859 -27.864576 -11.357647 1.138295 -0.053058 -0.050079
-1.766029 -27.869882 -11.362655 1.138549 -0.049043 -0.048442
-1.652174 -27.874787 -11.367499 1.138787 -0.045028 -0.046804
-1.538296 -27.879289 -11.372179 1.139009 -0.041011 -0.045166
-1.424395 -27.883390 -11.376696 1.139214 -0.036994 -0.043527
-1.310473 -27.887090 -11.381048 1.139403 -0.032977 -0.041887
-1.196533 -27.890387 -11.385237 1.139575 -0.028958 -0.040247
-1.082575 -27.893283 -11.389262 1.139731 -0.024940 -0.038606
-0.968602 -27.895777 -11.393122 1.139871 -0.020921 -0.036965
-0.854615 -27.897869 -11.396819 1.139994 -0.016902 -0.035323
-0.740616 -27.899560 -11.400351 1.140101 -0.012882 -0.033680
-0.626606 -27.900848 -11.403719 1.140191 -0.008862 -0.032037
-0.512587 -27.901734 -11.406923 1.140265 -0.004842 -0.030394
-0.398560 -27.902218 -11.409962 1.140322 -0.000822 -0.028750
-0.284528 -27.902300 -11.412837 1.140363 0.003198 -0.027105
-0.170492 -27.901981 -11.415548 1.140388 0.007218 -0.025461
-0.056453 -27.901259 -11.418094 1.140396 0.011238 -0.023816
0.057587 -27.900135 -11.420475 1.140388 0.015258 -0.022170
0.171626 -27.898609 -11.422692 1.140363 0.019278 -0.020524
0.285662 -27.896681 -11.424745 1.140322 0.023298 -0.018878
0.399694 -27.894352 -11.426633 1.140264 0.027317 -0.017231
0.513720 -27.891620 -11.428356 1.140190 0.031336 -0.015585
0.627739 -27.888486 -11.429914 1.140100 0.035355 -0.013938
0.741749 -27.884951 -11.431308 1.139993 0.039373 -0.012290
0.855749 -27.881013 -11.432537 1.139869 0.043391 -0.010643
0.969736 -27.876674 -11.433601 1.139730 0.047408 -0.008995
1.083709 -27.871934 -11.434501 1.139574 0.051424 -0.007348
1.197666 -27.866791 -11.435236 1.139401 0.055440 -0.005700
1.311606 -27.861247 -11.435806 1.139212 0.059455 -0.004052
1.425527 -27.855302 -11.436211 1.139006 0.063470 -0.002404
1.539428 -27.848955 -11.436451 1.138785 0.067483 -0.000755
1.653306 -27.842206 -11.436527 1.138546 0.071496 0.000893
1.767161 -27.835057 -11.436437 1.138292 0.075507 0.002541
1.880990 -27.827506 -11.436183 1.138021 0.079518 0.004189
1.994792 -27.819554 -11.435764 1.137733 0.083527 0.005837
2.108565 -27.811201 -11.435181 1.137429 0.087536 0.007486
2.222308 -27.802448 -11.434432 1.137109 0.091543 0.009134
2.336019 -27.793294 -11.433519 1.136772 0.095549 0.010782
2.449696 -27.783739 -11.432441 1.136419 0.099553 0.012429
2.563338 -27.773783 -11.431198 1.136050 0.103557 0.014077
2.676943 -27.763428 -11.429790 1.135664 0.107559 0.015725
2.790510 -27.752672 -11.428217 1.135262 0.111559 0.017372
2.904036 -27.741516 -11.426480 1.134843 0.115558 0.019019
3.017520 -27.729960 -11.424578 1.134408 0.119555 0.020666
3.130961 -27.718005 -11.422512 1.133957 0.123551 0.022313
3.244357 -27.705650 -11.420280 1.133489 0.127545 0.023959
3.357706 -27.692895 -11.417885 1.133005 0.131537 0.025605
3.471006 -27.679741 -11.415324 1.132504 0.135527 0.027250
3.584256 -27.666189 -11.412599 1.131988 0.139516 0.028896
3.697455 -27.652237 -11.409709 1.131455 0.143503 0.030541
3.810601 -27.637887 -11.406655 1.130905 0.147487 0.032185
3.923691 -27.623138 -11.403437 1.130340 0.151470 0.033829
4.036725 -27.607991 -11.400054 1.129758 0.155450 0.035473
4.149701 -27.592446 -11.396507 1.129159 0.159429 0.037116
4.262617 -27.576503 -11.392795 1.128545 0.163405 0.038759
4.375471 -27.560163 -11.388919 1.127914 0.167379 0.040401
4.488263 -27.543425 -11.384879 1.127267 0.171350 0.042043
4.600989 -27.526290 -11.380675 1.126603 0.175319 0.043684
4.713650 -27.508758 -11.376306 1.125923 0.179286 0.045324
4.826242 -27.490829 -11.371774 1.125227 0.183250 0.046964
4.938765 -27.472504 -11.367078 1.124515 0.187212 0.048603
5.051216 -27.453783 -11.362217 1.123787 0.191171 0.050242
5.163595 -27.434666 -11.357193 1.123042 0.195128 0.051880
5.275899 -27.415153 -11.352005 1.122281 0.199082 0.053517
5.388127 -27.395245 -11.346653 1.121504 0.203033 0.055153
5.500278 -27.374942 -11.341138 1.120711 0.206981 0.056789
5.612349 -27.354244 -11.335459 1.119901 0.210926 0.058424
5.724339 -27.333151 -11.329617 1.119076 0.214868 0.060058
5.836246 -27.311664 -11.323611 1.118234 0.218808 0.061691
5.948070 -27.289783 -11.317442 1.117376 0.222744 0.063324
6.059807 -27.267509 -11.311110 1.116502 0.226677 0.064955
6.171458 -27.244841 -11.304614 1.115612 0.230607 0.066586
6.283019 -27.221780 -11.297955 1.114705 0.234534 0.068216
6.394489 -27.198327 -11.291134 1.113783 0.238458 0.069845
6.505868 -27.174481 -11.284149 1.112844 0.242378 0.071472
6.617152 -27.150243 -11.277002 1.111890 0.246295 0.073099
6.728341 -27.125614 -11.269692 1.110919 0.250208 0.074725
6.839433 -27.100593 -11.262220 1.109932 0.254118 0.076350
6.950426 -27.075181 -11.254585 1.108929 0.258025 0.077974
7.061319 -27.049379 -11.246787 1.107911 0.261927 0.079597
7.172110 -27.023186 -11.238828 1.106876 0.265826 0.081218
7.282798 -26.996603 -11.230706 1.105825 0.269722 0.082839
7.393380 -26.969631 -11.222422 1.104758 0.273613 0.084458
7.503856 -26.942270 -11.213976 1.103675 0.277501 0.086076
7.614224 -26.914520 -11.205368 1.102576 0.281385 0.087693
7.724481 -26.886381 -11.196599 1.101462 0.285265 0.089309
7.834627 -26.857855 -11.187668 1.100331 0.289141 0.090924
7.944661 -26.828941 -11.178576 1.099185 0.293013 0.092537
8.054579 -26.799639 -11.169322 1.098022 0.296881 0.094149
8.164381 -26.769951 -11.159907 1.096844 0.300745 0.095760
8.274066 -26.739877 -11.150331 1.095650 0.304604 0.097369
8.383631 -26.709416 -11.140594 1.094439 0.308459 0.098977
8.493074 -26.678570 -11.130697 1.093214 0.312310 0.100584
8.602396 -26.647339 -11.120638 1.091972 0.316157 0.102189
8.711593 -26.615724 -11.110420 1.090714 0.319999 0.103793
8.820664 -26.583724 -11.100040 1.089441 0.323836 0.105395
8.929609 -26.551340 -11.089501 1.088152 0.327669 0.106996
9.038424 -26.518573 -11.078801 1.086847 0.331498 0.108595
9.147108 -26.485424 -11.067942 1.085526 0.335321 0.110193
9.255661 -26.451892 -11.056922 1.084190 0.339140 0.111790
9.364080 -26.417977 -11.045743 1.082838 0.342955 0.113384
9.472364 -26.383682 -11.034405 1.081470 0.346764 0.114978
9.580511 -26.349006 -11.022907 1.080087 0.350569 0.116569
9.688520 -26.313949 -11.011250 1.078688 0.354369 0.118159
9.796388 -26.278512 -10.999434 1.077273 0.358163 0.119748
9.904116 -26.242696 -10.987460 1.075843 0.361953 0.121334
10.011700 -26.206500 -10.975326 1.074397 0.365737 0.122919
10.119140 -26.169926 -10.963034 1.072936 0.369517 0.124503
10.226433 -26.132975 -10.950584 1.071459 0.373291 0.126084
10.333579 -26.095646 -10.937976 1.069966 0.377060 0.127664
10.440576 -26.057940 -10.925209 1.068458 0.380824 0.129242
10.547422 -26.019857 -10.912285 1.066935 0.384582 0.130818
10.654115 -25.981399 -10.899203 1.065396 0.388335 0.132392
10.760655 -25.942566 -10.885964 1.063842 0.392083 0.133965
10.867039 -25.903357 -10.872567 1.062272 0.395825 0.135536
10.973266 -25.863775 -10.859014 1.060687 0.399561 0.137104
11.079335 -25.823819 -10.845303 1.059086 0.403292 0.138671
11.185243 -25.783490 -10.831436 1.057470 0.407017 0.140236
11.290990 -25.742788 -10.817413 1.055839 0.410736 0.141799
11.396574 -25.701714 -10.803233 1.054192 0.414450 0.143360
11.501994 -25.660269 -10.788897 1.052530 0.418157 0.144919
11.607247 -25.618454 -10.774405 1.050853 0.421859 0.146476
11.712332 -25.576268 -10.759757 1.049160 0.425555 0.148030
11.817248 -25.533712 -10.744954 1.047453 0.429245 0.149583
11.921993 -25.490788 -10.729996 1.045730 0.432929 0.151134
12.026566 -25.447495 -10.714883 1.043992 0.436606 0.152682
12.130965 -25.403834 -10.699614 1.042238 0.440278 0.154229
12.235189 -25.359806 -10.684192 1.040470 0.443943 0.155773
12.339236 -25.315412 -10.668614 1.038686 0.447602 0.157315
12.443105 -25.270652 -10.652883 1.036888 0.451255 0.158855
12.546793 -25.225526 -10.636997 1.035074 0.454902 0.160392
12.650301 -25.180036 -10.620958 1.033245 0.458542 0.161928
12.753625 -25.134182 -10.604765 1.031402 0.462175 0.163461
12.856766 -25.087965 -10.588419 1.029543 0.465802 0.164992
12.959720 -25.041384 -10.571920 1.027669 0.469422 0.166520
13.062487 -24.994442 -10.555268 1.025781 0.473036 0.168046
13.165065 -24.947138 -10.538463 1.023877 0.476643 0.169570
13.267453 -24.899474 -10.521506 1.021959 0.480244 0.171091
13.369649 -24.851450 -10.504397 1.020026 0.483837 0.172610
13.471651 -24.803066 -10.487136 1.018077 0.487424 0.174127
13.573459 -24.754324 -10.469724 1.016114 0.491004 0.175641
13.675070 -24.705223 -10.452159 1.014137 0.494577 0.177153
13.776484 -24.655766 -10.434444 1.012144 0.498143 0.178662
13.877698 -24.605951 -10.416578 1.010137 0.501702 0.180168
13.978712 -24.555781 -10.398561 1.008115 0.505253 0.181672
14.079524 -24.505256 -10.380394 1.006079 0.508798 0.183174
14.180131 -24.454376 -10.362077 1.004027 0.512335 0.184673
14.280534 -24.403142 -10.343609 1.001962 0.515866 0.186169
14.380730 -24.351556 -10.324992 0.999881 0.519389 0.187663
14.480718 -24.299617 -10.306226 0.997786 0.522904 0.189154
14.580497 -24.247327 -10.287311 0.995677 0.526412 0.190642
14.680065 -24.194685 -10.268247 0.993553 0.529913 0.192128
14.779420 -24.141694 -10.249034 0.991414 0.533406 0.193611
14.878561 -24.088353 -10.229673 0.989261 0.536892 0.195091
14.977487 -24.034664 -10.210164 0.987094 0.540370 0.196569
15.076197 -23.980627 -10.190507 0.984912 0.543840 0.198043
15.174688 -23.926243 -10.170702 0.982716 0.547303 0.199515
15.272960 -23.871513 -10.150751 0.980505 0.550758 0.200984
15.371010 -23.816437 -10.130652 0.978281 0.554205 0.202451
15.468838 -23.761017 -10.110407 0.976042 0.557644 0.203914
15.566442 -23.705252 -10.090016 0.973788 0.561076 0.205375
15.663821 -23.649145 -10.069478 0.971521 0.564499 0.206832
15.760973 -23.592695 -10.048795 0.969239 0.567914 0.208287
15.857897 -23.535903 -10.027966 0.966943 0.571322 0.209739
15.954591 -23.478771 -10.006993 0.964633 0.574721 0.211188
16.051055 -23.421299 -9.985874 0.962309 0.578112 0.212633
16.147286 -23.363488 -9.964610 0.959971 0.581495 0.214076
16.243283 -23.305338 -9.943203 0.957619 0.584870 0.215516
16.339045 -23.246851 -9.921651 0.955253 0.588236 0.216953
16.434570 -23.188028 -9.899956 0.952873 0.591594 0.218387
16.529857 -23.128868 -9.878117 0.950479 0.594944 0.219817
16.624905 -23.069374 -9.856136 0.948072 0.598285 0.221245
16.719713 -23.009546 -9.834011 0.945650 0.601618 0.222669
16.814278 -22.949384 -9.811744 0.943214 0.604942 0.224090
16.908599 -22.888890 -9.789335 0.940765 0.608257 0.225508
17.002675 -22.828064 -9.766784 0.938302 0.611564 0.226923
17.096506 -22.766907 -9.744092 0.935825 0.614862 0.228335
17.190088 -22.705421 -9.721259 0.933335 0.618152 0.229743
17.283422 -22.643606 -9.698284 0.930831 0.621433 0.231148
17.376505 -22.581463 -9.675170 0.928313 0.624705 0.232550
17.469336 -22.518992 -9.651915 0.925782 0.627968 0.233949
17.561914 -22.456196 -9.628520 0.923237 0.631222 0.235344
17.654238 -22.393073 -9.604985 0.920678 0.634467 0.236736
17.746306 -22.329627 -9.581312 0.918107 0.637703 0.238124
17.838116 -22.265856 -9.557499 0.915521 0.640930 0.239509
17.929669 -22.201763 -9.533548 0.912923 0.644148 0.240891
18.020961 -22.137349 -9.509459 0.910311 0.647356 0.242270
18.111992 -22.072613 -9.485232 0.907685 0.650556 0.243645
18.202760 -22.007557 -9.460868 0.905046 0.653746 0.245016
18.293265 -21.942183 -9.436366 0.902394 0.656927 0.246384
18.383504 -21.876490 -9.411728 0.899729 0.660099 0.247749
18.473477 -21.810480 -9.386953 0.897051 0.663261 0.249110
18.563182 -21.744154 -9.362042 0.894359 0.666414 0.250467
18.652618 -21.677513 -9.336995 0.891654 0.669557 0.251821
18.741784 -21.610557 -9.311813 0.888937 0.672691 0.253171
18.830677 -21.543288 -9.286496 0.886206 0.675815 0.254518
18.919298 -21.475706 -9.261044 0.883462 0.678930 0.255861
19.007644 -21.407813 -9.235458 0.880705 0.682035 0.257200
19.095715 -21.339610 -9.209738 0.877936 0.685130 0.258536
19.183508 -21.271097 -9.183885 0.875153 0.688215 0.259868
19.271024 -21.202275 -9.157898 0.872358 0.691291 0.261197
19.358259 -21.133146 -9.131778 0.869549 0.694357 0.262522
19.445214 -21.063711 -9.105526 0.866728 0.697412 0.263843
19.531887 -20.993969 -9.079142 0.863894 0.700458 0.265160
19.618277 -20.923924 -9.052626 0.861048 0.703494 0.266473
19.704381 -20.853574 -9.025978 0.858189 0.706520 0.267783
19.790200 -20.782922 -8.999200 0.855317 0.709536 0.269089
19.875732 -20.711969 -8.972291 0.852433 0.712542 0.270391
19.960975 -20.640714 -8.945252 0.849536 0.715537 0.271689
20.045929 -20.569161 -8.918083 0.846626 0.718523 0.272983
20.130591 -20.497308 -8.890785 0.843705 0.721498 0.274274
20.214962 -20.425159 -8.863357 0.840770 0.724462 0.275560
20.299039 -20.352712 -8.835801 0.837824 0.727417 0.276843
20.382821 -20.279971 -8.808117 0.834865 0.730361 0.278122
20.466308 -20.206935 -8.780305 0.831893 0.733294 0.279396
20.549497 -20.133605 -8.752365 0.828910 0.736218 0.280667
20.632388 -20.059983 -8.724298 0.825914 0.739130 0.281934
20.714980 -19.986070 -8.696105 0.822906 0.742032 0.283197
20.797270 -19.911867 -8.667785 0.819886 0.744924 0.284455
20.879259 -19.837375 -8.639340 0.816854 0.747805 0.285710
20.960944 -19.762594 -8.610769 0.813810 0.750675 0.286960
21.042325 -19.687527 -8.582073 0.810754 0.753534 0.288207
21.123401 -19.612173 -8.553252 0.807686 0.756383 0.289449
21.204169 -19.536535 -8.524307 0.804606 0.759221 0.290688
21.284630 -19.460613 -8.495238 0.801514 0.762048 0.291922
21.364781 -19.384408 -8.466046 0.798410 0.764864 0.293151
21.444622 -19.307922 -8.436731 0.795294 0.767669 0.294377
21.524152 -19.231155 -8.407293 0.792167 0.770463 0.295599
21.603368 -19.154109 -8.377734 0.789028 0.773246 0.296816
21.682271 -19.076784 -8.348052 0.785877 0.776018 0.298029
21.760859 -18.999182 -8.318249 0.782715 0.778779 0.299238
21.839130 -18.921305 -8.288325 0.779541 0.781529 0.300442
21.917084 -18.843152 -8.258281 0.776356 0.784268 0.301643
21.994720 -18.764725 -8.228117 0.773159 0.786995 0.302839
22.072036 -18.686025 -8.197833 0.769951 0.789711 0.304030
