18.432490 -7.154986 -3.394356 0.555663 1.147521 0.494763
18.482499 -7.051710 -3.349827 0.547533 1.150623 0.496237
18.531777 -6.948154 -3.305166 0.539383 1.153679 0.497691
18.580322 -6.844322 -3.260374 0.531213 1.156688 0.499124
18.628131 -6.740220 -3.215452 0.523025 1.159651 0.500537
18.675203 -6.635852 -3.170404 0.514819 1.162567 0.501931
18.721537 -6.531221 -3.125230 0.506594 1.165436 0.503304
18.767131 -6.426332 -3.079933 0.498352 1.168258 0.504656
18.811982 -6.321188 -3.034514 0.490092 1.171034 0.505989
18.856090 -6.215795 -2.988975 0.481814 1.173763 0.507301
18.899454 -6.110157 -2.943318 0.473520 1.176444 0.508593
18.942070 -6.004277 -2.897544 0.465208 1.179079 0.509864
18.983939 -5.898160 -2.851657 0.456881 1.181666 0.511115
19.025059 -5.791810 -2.805656 0.448537 1.184206 0.512345
19.065427 -5.685231 -2.759545 0.440177 1.186699 0.513555
19.105043 -5.578428 -2.713325 0.431801 1.189145 0.514745
19.143905 -5.471405 -2.666998 0.423410 1.191543 0.515914
19.182012 -5.364166 -2.620566 0.415004 1.193894 0.517062
19.219362 -5.256716 -2.574030 0.406584 1.196197 0.518190
19.255955 -5.149058 -2.527393 0.398149 1.198452 0.519297
19.291788 -5.041197 -2.480656 0.389699 1.200660 0.520384
19.326861 -4.933138 -2.433822 0.381236 1.202820 0.521449
19.361172 -4.824884 -2.386892 0.372759 1.204933 0.522494
19.394721 -4.716440 -2.339867 0.364269 1.206998 0.523519
19.427505 -4.607810 -2.292750 0.355766 1.209014 0.524522
19.459524 -4.498999 -2.245543 0.347250 1.210983 0.525505
19.490776 -4.390011 -2.198248 0.338722 1.212904 0.526467
19.521261 -4.280849 -2.150866 0.330181 1.214777 0.527408
19.550978 -4.171519 -2.103399 0.321629 1.216602 0.528328
19.579924 -4.062025 -2.055850 0.313065 1.218378 0.529227
19.608100 -3.952371 -2.008219 0.304489 1.220107 0.530105
19.635504 -3.842562 -1.960510 0.295903 1.221787 0.530963
19.662135 -3.732601 -1.912723 0.287306 1.223419 0.531799
19.687993 -3.622493 -1.864861 0.278698 1.225003 0.532614
19.713076 -3.512243 -1.816926 0.270080 1.226538 0.533409
19.737383 -3.401854 -1.768919 0.261453 1.228025 0.534182
19.760914 -3.291332 -1.720843 0.252815 1.229464 0.534934
19.783667 -3.180680 -1.672699 0.244169 1.230854 0.535665
19.805642 -3.069903 -1.624489 0.235513 1.232196 0.536375
19.826838 -2.959006 -1.576215 0.226849 1.233489 0.537064
19.847255 -2.847992 -1.527879 0.218177 1.234733 0.537731
19.866891 -2.736866 -1.479483 0.209496 1.235929 0.538378
19.885745 -2.625632 -1.431029 0.200807 1.237076 0.539003
19.903818 -2.514295 -1.382519 0.192111 1.238175 0.539607
19.921108 -2.402859 -1.333954 0.183407 1.239225 0.540190
19.937615 -2.291329 -1.285337 0.174697 1.240226 0.540752
19.953337 -2.179709 -1.236670 0.165980 1.241178 0.541292
19.968276 -2.068003 -1.187953 0.157256 1.242082 0.541811
19.982429 -1.956215 -1.139190 0.148527 1.242936 0.542309
19.995796 -1.844351 -1.090383 0.139791 1.243742 0.542785
20.008377 -1.732414 -1.041532 0.131050 1.244499 0.543240
20.020172 -1.620410 -0.992640 0.122304 1.245207 0.543674
20.031179 -1.508341 -0.943710 0.113553 1.245866 0.544086
20.041399 -1.396213 -0.894742 0.104797 1.246476 0.544477
20.050830 -1.284030 -0.845739 0.096036 1.247037 0.544846
20.059474 -1.171797 -0.796703 0.087272 1.247549 0.545194
20.067328 -1.059518 -0.747636 0.078504 1.248012 0.545521
20.074394 -0.947197 -0.698539 0.069732 1.248425 0.545826
20.080669 -0.834838 -0.649414 0.060957 1.248790 0.546110
20.086156 -0.722447 -0.600264 0.052179 1.249106 0.546372
20.090852 -0.610028 -0.551091 0.043399 1.249373 0.546613
20.094758 -0.497584 -0.501896 0.034616 1.249590 0.546833
20.097873 -0.385121 -0.452681 0.025831 1.249758 0.547030
20.100198 -0.272643 -0.403448 0.017045 1.249878 0.547207
20.101732 -0.160154 -0.354199 0.008257 1.249948 0.547362
20.102475 -0.047658 -0.304937 -0.000532 1.249968 0.547495
20.102427 0.064839 -0.255662 -0.009322 1.249940 0.547607
20.101588 0.177333 -0.206378 -0.018113 1.249863 0.547697
20.099958 0.289821 -0.157085 -0.026904 1.249736 0.547766
20.097537 0.402297 -0.107786 -0.035695 1.249560 0.547813
20.094324 0.514758 -0.058483 -0.044486 1.249335 0.547838
20.090320 0.627198 -0.009177 -0.053276 1.249060 0.547842
20.085525 0.739613 0.040128 -0.062065 1.248737 0.547825
20.079940 0.851999 0.089433 -0.070853 1.248364 0.547786
20.073563 0.964352 0.138733 -0.079640 1.247942 0.547725
20.066395 1.076667 0.188029 -0.088425 1.247470 0.547643
20.058437 1.188939 0.237316 -0.097207 1.246950 0.547539
20.049688 1.301165 0.286595 -0.105988 1.246380 0.547413
20.040149 1.413339 0.335862 -0.114766 1.245761 0.547266
20.029821 1.525457 0.385116 -0.123540 1.245092 0.547097
20.018702 1.637516 0.434355 -0.132312 1.244375 0.546907
20.006794 1.749509 0.483576 -0.141080 1.243608 0.546695
19.994097 1.861434 0.532779 -0.149845 1.242792 0.546462
19.980611 1.973285 0.581961 -0.158605 1.241927 0.546207
19.966336 2.085059 0.631119 -0.167361 1.241013 0.545930
19.951274 2.196750 0.680253 -0.176112 1.240049 0.545631
19.935424 2.308354 0.729360 -0.184858 1.239036 0.545311
19.918786 2.419868 0.778438 -0.193599 1.237975 0.544970
19.901363 2.531285 0.827485 -0.202334 1.236863 0.544607
19.883153 2.642603 0.876500 -0.211063 1.235703 0.544222
19.864157 2.753816 0.925480 -0.219786 1.234494 0.543815
19.844376 2.864921 0.974423 -0.228503 1.233236 0.543387
19.823811 2.975912 1.023328 -0.237213 1.231928 0.542938
19.802462 3.086785 1.072192 -0.245916 1.230571 0.542467
19.780329 3.197537 1.121014 -0.254611 1.229166 0.541974
19.757414 3.308162 1.169792 -0.263299 1.227711 0.541459
19.733717 3.418656 1.218523 -0.271979 1.226207 0.540923
19.709239 3.529014 1.267206 -0.280651 1.224655 0.540366
19.683980 3.639233 1.315839 -0.289314 1.223053 0.539787
19.657942 3.749308 1.364420 -0.297968 1.221402 0.539186
19.631125 3.859234 1.412947 -0.306613 1.219703 0.538564
19.603530 3.969008 1.461417 -0.315249 1.217955 0.537920
19.575158 4.078624 1.509830 -0.323875 1.216157 0.537255
19.546009 4.188078 1.558183 -0.332491 1.214311 0.536568
19.516085 4.297366 1.606474 -0.341096 1.212416 0.535859
19.485386 4.406483 1.654702 -0.349691 1.210473 0.535130
19.453914 4.515426 1.702863 -0.358275 1.208480 0.534378
19.421669 4.624189 1.750957 -0.366848 1.206439 0.533605
19.388653 4.732768 1.798982 -0.375409 1.204349 0.532811
19.354866 4.841160 1.846935 -0.383958 1.202211 0.531995
19.320310 4.949359 1.894814 -0.392495 1.200024 0.531158
19.284985 5.057361 1.942619 -0.401020 1.197788 0.530299
19.248893 5.165162 1.990345 -0.409532 1.195504 0.529419
19.212036 5.272757 2.037993 -0.418031 1.193172 0.528518
19.174413 5.380143 2.085560 -0.426516 1.190791 0.527595
19.136026 5.487314 2.133043 -0.434988 1.188361 0.526650
19.096877 5.594267 2.180442 -0.443446 1.185884 0.525684
19.056967 5.700996 2.227753 -0.451890 1.183358 0.524697
19.016297 5.807498 2.274976 -0.460319 1.180783 0.523689
18.974868 5.913769 2.322108 -0.468734 1.178161 0.522659
18.932682 6.019803 2.369148 -0.477133 1.175490 0.521608
18.889740 6.125597 2.416092 -0.485517 1.172772 0.520536
18.846044 6.231147 2.462941 -0.493885 1.170005 0.519442
18.801594 6.336447 2.509690 -0.502237 1.167190 0.518327
18.756393 6.441494 2.556340 -0.510573 1.164327 0.517191
18.710441 6.546284 2.602887 -0.518892 1.161417 0.516034
18.663741 6.650811 2.649330 -0.527194 1.158458 0.514856
18.616294 6.755073 2.695667 -0.535478 1.155452 0.513656
18.568101 6.859063 2.741896 -0.543745 1.152398 0.512435
18.519163 6.962779 2.788015 -0.551995 1.149297 0.511193
18.469484 7.066216 2.834023 -0.560226 1.146148 0.509930
18.419064 7.169369 2.879916 -0.568439 1.142951 0.508646
18.367904 7.272235 2.925695 -0.576632 1.139707 0.507341
18.316007 7.374808 2.971355 -0.584807 1.136415 0.506015
18.263375 7.477086 3.016897 -0.592963 1.133077 0.504668
18.210008 7.579063 3.062317 -0.601098 1.129690 0.503300
18.155909 7.680735 3.107614 -0.609214 1.126257 0.501910
18.101080 7.782098 3.152786 -0.617309 1.122777 0.500500
18.045522 7.883148 3.197831 -0.625384 1.119249 0.499069
17.989237 7.983880 3.242747 -0.633438 1.115675 0.497618
17.932228 8.084291 3.287532 -0.641470 1.112054 0.496145
17.874496 8.184376 3.332185 -0.649482 1.108386 0.494652
17.816042 8.284131 3.376704 -0.657471 1.104671 0.493137
17.756870 8.383551 3.421087 -0.665438 1.100909 0.491602
17.696981 8.482633 3.465331 -0.673383 1.097101 0.490047
17.636376 8.581372 3.509435 -0.681304 1.093247 0.488470
17.575059 8.679764 3.553397 -0.689203 1.089346 0.486873
17.513030 8.777805 3.597216 -0.697079 1.085398 0.485256
17.450293 8.875491 3.640889 -0.704931 1.081405 0.483618
17.386850 8.972817 3.684414 -0.712758 1.077365 0.481959
17.322701 9.069780 3.727791 -0.720562 1.073279 0.480279
17.257851 9.166375 3.771016 -0.728341 1.069147 0.478580
17.192300 9.262599 3.814088 -0.736095 1.064970 0.476859
17.126052 9.358446 3.857005 -0.743824 1.060747 0.475119
17.059107 9.453913 3.899766 -0.751527 1.056477 0.473358
16.991470 9.548996 3.942368 -0.759204 1.052163 0.471576
16.923142 9.643691 3.984810 -0.766856 1.047803 0.469775
16.854125 9.737993 4.027090 -0.774481 1.043397 0.467953
16.784421 9.831899 4.069206 -0.782079 1.038946 0.466111
16.714034 9.925404 4.111156 -0.789650 1.034450 0.464249
16.642966 10.018504 4.152938 -0.797194 1.029909 0.462366
16.571218 10.111196 4.194551 -0.804710 1.025323 0.460464
16.498794 10.203475 4.235993 -0.812198 1.020692 0.458541
16.425697 10.295338 4.277261 -0.819658 1.016016 0.456599
16.351927 10.386779 4.318355 -0.827089 1.011296 0.454636
16.277489 10.477796 4.359273 -0.834491 1.006531 0.452654
16.202385 10.568384 4.400011 -0.841865 1.001722 0.450651
16.126617 10.658539 4.440570 -0.849208 0.996868 0.448629
16.050189 10.748257 4.480947 -0.856522 0.991971 0.446587
15.973102 10.837534 4.521140 -0.863806 0.987029 0.444526
15.895359 10.926367 4.561147 -0.871059 0.982043 0.442445
15.816964 11.014751 4.600967 -0.878281 0.977013 0.440344
15.737918 11.102682 4.640598 -0.885473 0.971940 0.438223
15.658226 11.190156 4.680038 -0.892633 0.966823 0.436083
15.577889 11.277170 4.719285 -0.899761 0.961663 0.433924
15.496911 11.363720 4.758338 -0.906857 0.956459 0.431745
15.415293 11.449801 4.797195 -0.913921 0.951212 0.429546
15.333040 11.535411 4.835855 -0.920953 0.945922 0.427329
15.250155 11.620544 4.874314 -0.927951 0.940589 0.425092
15.166639 11.705197 4.912572 -0.934917 0.935214 0.422836
15.082497 11.789366 4.950628 -0.941848 0.929796 0.420560
14.997730 11.873047 4.988478 -0.948746 0.924335 0.418266
14.912343 11.956238 5.026122 -0.955610 0.918832 0.415953
14.826338 12.038932 5.063558 -0.962439 0.913286 0.413620
14.739719 12.121128 5.100784 -0.969234 0.907699 0.411269
14.652488 12.202821 5.137798 -0.975993 0.902069 0.408899
14.564648 12.284007 5.174599 -0.982718 0.896398 0.406510
14.476204 12.364683 5.211185 -0.989406 0.890685 0.404102
14.387157 12.444845 5.247554 -0.996058 0.884931 0.401676
14.297512 12.524489 5.283705 -1.002675 0.879135 0.399231
14.207271 12.603611 5.319635 -1.009254 0.873298 0.396767
14.116438 12.682208 5.355344 -1.015797 0.867420 0.394285
14.025016 12.760275 5.390830 -1.022302 0.861502 0.391785
13.933009 12.837811 5.426091 -1.028770 0.855542 0.389266
13.840420 12.914809 5.461125 -1.035200 0.849542 0.386729
13.747252 12.991268 5.495930 -1.041592 0.843502 0.384173
13.653509 13.067183 5.530506 -1.047945 0.837421 0.381600
13.559194 13.142551 5.564850 -1.054260 0.831301 0.379008
13.464310 13.217368 5.598960 -1.060536 0.825140 0.376398
13.368862 13.291631 5.632836 -1.066772 0.818940 0.373771
13.272853 13.365336 5.666476 -1.072969 0.812700 0.371125
13.176285 13.438479 5.699877 -1.079125 0.806421 0.368462
13.079164 13.511056 5.733038 -1.085241 0.800103 0.365781
12.981492 13.583066 5.765959 -1.091317 0.793745 0.363082
12.883274 13.654503 5.798636 -1.097352 0.787349 0.360366
12.784512 13.725364 5.831069 -1.103346 0.780915 0.357632
12.685211 13.795647 5.863256 -1.109298 0.774441 0.354881
12.585374 13.865346 5.895195 -1.115208 0.767930 0.352113
12.485005 13.934460 5.926886 -1.121076 0.761380 0.349327
12.384109 14.002984 5.958325 -1.126902 0.754793 0.346524
12.282687 14.070916 5.989512 -1.132685 0.748168 0.343704
12.180746 14.138251 6.020446 -1.138425 0.741505 0.340867
12.078287 14.204986 6.051124 -1.144122 0.734806 0.338013
11.975316 14.271119 6.081545 -1.149775 0.728069 0.335142
11.871837 14.336645 6.111707 -1.155385 0.721295 0.332254
11.767852 14.401561 6.141610 -1.160950 0.714484 0.329350
11.663367 14.465865 6.171252 -1.166470 0.707637 0.326429
11.558384 14.529552 6.200630 -1.171946 0.700754 0.323491
11.452909 14.592620 6.229745 -1.177377 0.693834 0.320537
11.346945 14.655065 6.258593 -1.182762 0.686879 0.317567
11.240497 14.716884 6.287174 -1.188101 0.679888 0.314580
11.133567 14.778074 6.315486 -1.193395 0.672862 0.311578
11.026162 14.838632 6.343528 -1.198642 0.665800 0.308559
10.918284 14.898554 6.371299 -1.203843 0.658704 0.305524
10.809938 14.957837 6.398796 -1.208997 0.651573 0.302473
10.701129 15.016479 6.426018 -1.214103 0.644407 0.299407
10.591859 15.074475 6.452965 -1.219162 0.637207 0.296325
10.482135 15.131824 6.479634 -1.224173 0.629972 0.293227
10.371959 15.188521 6.506025 -1.229137 0.622704 0.290114
10.261337 15.244565 6.532135 -1.234052 0.615403 0.286985
10.150272 15.299951 6.557964 -1.238918 0.608068 0.283841
10.038769 15.354677 6.583509 -1.243735 0.600699 0.280682
9.926833 15.408740 6.608771 -1.248503 0.593298 0.277507
9.814468 15.462137 6.633746 -1.253222 0.585864 0.274318
9.701678 15.514865 6.658435 -1.257890 0.578398 0.271114
9.588468 15.566921 6.682835 -1.262509 0.570900 0.267895
9.474842 15.618302 6.706946 -1.267077 0.563369 0.264661
9.360805 15.669005 6.730765 -1.271595 0.555807 0.261413
9.246362 15.719027 6.754292 -1.276062 0.548214 0.258150
9.131516 15.768367 6.777526 -1.280477 0.540589 0.254873
9.016273 15.817020 6.800464 -1.284841 0.532934 0.251581
8.900637 15.864984 6.823107 -1.289153 0.525247 0.248276
8.784614 15.912256 6.845451 -1.293413 0.517531 0.244956
8.668206 15.958834 6.867497 -1.297621 0.509784 0.241622
8.551420 16.004714 6.889243 -1.301776 0.502008 0.238275
8.434261 16.049895 6.910688 -1.305878 0.494201 0.234914
8.316732 16.094373 6.931830 -1.309927 0.486366 0.231539
8.198838 16.138146 6.952669 -1.313923 0.478501 0.228151
8.080585 16.181211 6.973203 -1.317865 0.470608 0.224749
7.961977 16.223566 6.993430 -1.321752 0.462686 0.221334
7.843020 16.265208 7.013350 -1.325586 0.454736 0.217906
7.723717 16.306134 7.032962 -1.329365 0.446758 0.214465
7.604074 16.346342 7.052264 -1.333089 0.438753 0.211012
7.484096 16.385830 7.071255 -1.336758 0.430720 0.207545
7.363788 16.424595 7.089934 -1.340371 0.422660 0.204066
7.243154 16.462634 7.108300 -1.343929 0.414573 0.200574
7.122201 16.499946 7.126351 -1.347432 0.406460 0.197070
7.000932 16.536527 7.144087 -1.350877 0.398320 0.193553
6.879353 16.572376 7.161507 -1.354267 0.390155 0.190025
6.757469 16.607490 7.178610 -1.357600 0.381964 0.186484
6.635285 16.641867 7.195393 -1.360876 0.373747 0.182932
6.512806 16.675504 7.211857 -1.364094 0.365506 0.179368
6.390038 16.708399 7.228000 -1.367256 0.357240 0.175792
6.266985 16.740551 7.243821 -1.370359 0.348950 0.172205
6.143652 16.771956 7.259320 -1.373405 0.340636 0.168606
6.020046 16.802614 7.274494 -1.376392 0.332298 0.164996
5.896171 16.832521 7.289344 -1.379321 0.323936 0.161375
5.772032 16.861675 7.303868 -1.382191 0.315552 0.157743
5.647634 16.890074 7.318065 -1.385002 0.307144 0.154101
5.522984 16.917717 7.331934 -1.387754 0.298715 0.150447
5.398086 16.944602 7.345474 -1.390447 0.290263 0.146783
5.272946 16.970725 7.358684 -1.393080 0.281789 0.143109
5.147569 16.996086 7.371564 -1.395653 0.273294 0.139425
5.021960 17.020683 7.384113 -1.398165 0.264778 0.135730
4.896125 17.044513 7.396328 -1.400618 0.256241 0.132025
4.770070 17.067575 7.408211 -1.403009 0.247683 0.128311
4.643799 17.089866 7.419759 -1.405340 0.239106 0.124587
4.517318 17.111386 7.430971 -1.407610 0.230508 0.120853
4.390633 17.132131 7.441848 -1.409818 0.221892 0.117111
4.263750 17.152102 7.452388 -1.411965 0.213256 0.113358
4.136673 17.171295 7.462590 -1.414050 0.204601 0.109597
4.009408 17.189709 7.472454 -1.416073 0.195928 0.105827
3.881962 17.207342 7.481979 -1.418033 0.187238 0.102048
3.754339 17.224194 7.491163 -1.419931 0.178529 0.098261
3.626545 17.240261 7.500006 -1.421767 0.169803 0.094465
3.498586 17.255544 7.508508 -1.423540 0.161060 0.090660
3.370467 17.270039 7.516668 -1.425249 0.152301 0.086848
3.242195 17.283746 7.524484 -1.426895 0.143526 0.083027
3.113774 17.296663 7.531956 -1.428478 0.134734 0.079199
2.985211 17.308789 7.539084 -1.429997 0.125928 0.075363
2.856512 17.320123 7.545867 -1.431452 0.117106 0.071520
2.727681 17.330662 7.552304 -1.432842 0.108269 0.067669
2.598725 17.340407 7.558394 -1.434169 0.099418 0.063811
2.469650 17.349354 7.564137 -1.435431 0.090553 0.059946
2.340461 17.357504 7.569532 -1.436628 0.081675 0.056074
2.211165 17.364855 7.574579 -1.437760 0.072784 0.052196
2.081766 17.371405 7.579276 -1.438827 0.063879 0.048311
1.952272 17.377155 7.583624 -1.439829 0.054963 0.044419
1.822687 17.382101 7.587622 -1.440765 0.046034 0.040522
1.693018 17.386244 7.591269 -1.441636 0.037094 0.036618
1.563271 17.389583 7.594565 -1.442441 0.028142 0.032709
1.433452 17.392115 7.597509 -1.443179 0.019180 0.028794
1.303565 17.393842 7.600100 -1.443852 0.010207 0.024873
1.173619 17.394760 7.602339 -1.444458 0.001224 0.020948
1.043618 17.394870 7.604224 -1.444997 -0.007768 0.017016
0.913568 17.394171 7.605755 -1.445470 -0.016769 0.013081
0.783476 17.392662 7.606933 -1.445876 -0.025780 0.009140
0.653347 17.390342 7.607755 -1.446215 -0.034798 0.005194
0.523187 17.387210 7.608223 -1.446486 -0.043825 0.001245
0.393004 17.383266 7.608335 -1.446691 -0.052859 -0.002709
0.262801 17.378509 7.608091 -1.446827 -0.061900 -0.006668
0.132587 17.372938 7.607491 -1.446896 -0.070948 -0.010630
0.002366 17.366552 7.606534 -1.446898 -0.080002 -0.014595
-0.127854 17.359352 7.605221 -1.446831 -0.089062 -0.018564
-0.258069 17.351336 7.603550 -1.446696 -0.098127 -0.022537
-0.388272 17.342505 7.601521 -1.446493 -0.107198 -0.026513
-0.518456 17.332857 7.599135 -1.446222 -0.116273 -0.030491
-0.648616 17.322393 7.596391 -1.445882 -0.125352 -0.034473
-0.778746 17.311111 7.593289 -1.445473 -0.134434 -0.038457
-0.908838 17.299012 7.589827 -1.444996 -0.143520 -0.042443
-1.038888 17.286095 7.586008 -1.444449 -0.152609 -0.046432
-1.168888 17.272360 7.581829 -1.443834 -0.161700 -0.050422
-1.298833 17.257807 7.577291 -1.443150 -0.170793 -0.054415
-1.428717 17.242436 7.572393 -1.442396 -0.179887 -0.058409
-1.558532 17.226246 7.567137 -1.441573 -0.188983 -0.062404
-1.688274 17.209238 7.561520 -1.440681 -0.198079 -0.066401
-1.817935 17.191411 7.555544 -1.439719 -0.207175 -0.070399
-1.947510 17.172765 7.549208 -1.438688 -0.216271 -0.074397
-2.076992 17.153301 7.542513 -1.437586 -0.225366 -0.078396
-2.206375 17.133018 7.535457 -1.436415 -0.234459 -0.082396
-2.335652 17.111916 7.528041 -1.435174 -0.243551 -0.086396
-2.464818 17.089997 7.520266 -1.433863 -0.252641 -0.090396
-2.593865 17.067259 7.512130 -1.432482 -0.261728 -0.094395
-2.722789 17.043703 7.503634 -1.431031 -0.270813 -0.098395
-2.851582 17.019330 7.494779 -1.429510 -0.279893 -0.102393
-2.980237 16.994140 7.485563 -1.427918 -0.288970 -0.106391
-3.108750 16.968133 7.475988 -1.426256 -0.298042 -0.110389
-3.237113 16.941309 7.466053 -1.424523 -0.307109 -0.114384
-3.365320 16.913669 7.455759 -1.422720 -0.316170 -0.118379
-3.493365 16.885214 7.445105 -1.420847 -0.325226 -0.122372
-3.621241 16.855943 7.434091 -1.418903 -0.334275 -0.126363
-3.748942 16.825859 7.422718 -1.416888 -0.343318 -0.130352
-3.876462 16.794960 7.410987 -1.414803 -0.352353 -0.134339
-4.003795 16.763248 7.398896 -1.412646 -0.361380 -0.138323
-4.130933 16.730724 7.386447 -1.410420 -0.370399 -0.142305
-4.257871 16.697388 7.373640 -1.408122 -0.379409 -0.146284
-4.384601 16.663242 7.360474 -1.405754 -0.388410 -0.150259
-4.511119 16.628285 7.346951 -1.403314 -0.397401 -0.154232
-4.637418 16.592519 7.333070 -1.400804 -0.406381 -0.158201
-4.763490 16.555944 7.318832 -1.398224 -0.415351 -0.162166
-4.889330 16.518563 7.304237 -1.395572 -0.424310 -0.166128
-5.014932 16.480375 7.289286 -1.392849 -0.433257 -0.170085
-5.140288 16.441382 7.273978 -1.390056 -0.442192 -0.174038
-5.265393 16.401584 7.258314 -1.387192 -0.451114 -0.177986
-5.390240 16.360984 7.242296 -1.384257 -0.460023 -0.181930
-5.514823 16.319582 7.225922 -1.381251 -0.468918 -0.185869
-5.639136 16.277379 7.209194 -1.378174 -0.477799 -0.189802
-5.763172 16.234377 7.192112 -1.375026 -0.486665 -0.193730
-5.886924 16.190578 7.174676 -1.371808 -0.495516 -0.197652
-6.010387 16.145981 7.156887 -1.368519 -0.504352 -0.201568
-6.133553 16.100589 7.138746 -1.365159 -0.513171 -0.205479
-6.256418 16.054404 7.120253 -1.361729 -0.521974 -0.209383
-6.378973 16.007426 7.101409 -1.358228 -0.530759 -0.213280
-6.501214 15.959658 7.082213 -1.354657 -0.539526 -0.217171
-6.623133 15.911101 7.062668 -1.351015 -0.548276 -0.221055
-6.744724 15.861756 7.042773 -1.347302 -0.557006 -0.224931
-6.865982 15.811625 7.022529 -1.343519 -0.565718 -0.228800
-6.986898 15.760711 7.001937 -1.339666 -0.574410 -0.232662
-7.107468 15.709014 6.980998 -1.335743 -0.583081 -0.236515
-7.227685 15.656537 6.959711 -1.331749 -0.591732 -0.240361
-7.347543 15.603281 6.938079 -1.327686 -0.600361 -0.244198
-7.467034 15.549248 6.916101 -1.323552 -0.608969 -0.248026
-7.586154 15.494441 6.893779 -1.319349 -0.617554 -0.251846
-7.704895 15.438861 6.871113 -1.315075 -0.626117 -0.255657
-7.823252 15.382511 6.848103 -1.310732 -0.634657 -0.259459
-7.941218 15.325391 6.824752 -1.306320 -0.643172 -0.263251
-8.058787 15.267506 6.801060 -1.301838 -0.651663 -0.267033
-8.175952 15.208856 6.777027 -1.297286 -0.660130 -0.270806
-8.292708 15.149445 6.752654 -1.292666 -0.668571 -0.274568
-8.409048 15.089273 6.727943 -1.287976 -0.676986 -0.278321
-8.524966 15.028344 6.702894 -1.283217 -0.685375 -0.282062
-8.640455 14.966661 6.677508 -1.278390 -0.693737 -0.285793
-8.755510 14.904224 6.651787 -1.273494 -0.702072 -0.289513
-8.870125 14.841038 6.625731 -1.268529 -0.710379 -0.293222
-8.984292 14.777104 6.599341 -1.263495 -0.718658 -0.296919
-9.098007 14.712425 6.572618 -1.258394 -0.726907 -0.300604
-9.211262 14.647003 6.545564 -1.253225 -0.735127 -0.304278
-9.324053 14.580841 6.518179 -1.247987 -0.743318 -0.307939
-9.436372 14.513943 6.490464 -1.242682 -0.751477 -0.311588
-9.548213 14.446310 6.462422 -1.237309 -0.759606 -0.315224
-9.659571 14.377945 6.434051 -1.231869 -0.767704 -0.318848
-9.770439 14.308852 6.405355 -1.226362 -0.775769 -0.322458
-9.880811 14.239033 6.376334 -1.220787 -0.783802 -0.326056
-9.990682 14.168491 6.346989 -1.215146 -0.791802 -0.329639
-10.100046 14.097228 6.317321 -1.209439 -0.799769 -0.333209
-10.208895 14.025249 6.287332 -1.203665 -0.807701 -0.336765
-10.317225 13.952556 6.257024 -1.197824 -0.815599 -0.340307
-10.425029 13.879152 6.226396 -1.191918 -0.823462 -0.343835
-10.532302 13.805041 6.195451 -1.185946 -0.831290 -0.347348
-10.639037 13.730224 6.164190 -1.179909 -0.839082 -0.350846
-10.745229 13.654707 6.132613 -1.173806 -0.846837 -0.354329
-10.850871 13.578492 6.100724 -1.167638 -0.854555 -0.357796
-10.955959 13.501582 6.068522 -1.161406 -0.862235 -0.361248
-11.060485 13.423981 6.036010 -1.155109 -0.869878 -0.364685
-11.164445 13.345692 6.003188 -1.148748 -0.877482 -0.368105
-11.267832 13.266718 5.970059 -1.142322 -0.885047 -0.371510
-11.370641 13.187064 5.936623 -1.135834 -0.892573 -0.374898
-11.472866 13.106732 5.902882 -1.129281 -0.900058 -0.378269
-11.574502 13.025727 5.868838 -1.122665 -0.907503 -0.381623
-11.675541 12.944052 5.834492 -1.115987 -0.914908 -0.384961
-11.775980 12.861710 5.799845 -1.109246 -0.922270 -0.388281
-11.875812 12.778706 5.764900 -1.102442 -0.929591 -0.391583
-11.975032 12.695043 5.729657 -1.095577 -0.936869 -0.394868
-12.073634 12.610724 5.694119 -1.088650 -0.944105 -0.398135
-12.171613 12.525755 5.658287 -1.081661 -0.951297 -0.401384
-12.268962 12.440138 5.622163 -1.074611 -0.958445 -0.404615
-12.365677 12.353878 5.585747 -1.067501 -0.965548 -0.407827
-12.461752 12.266979 5.549043 -1.060330 -0.972607 -0.411020
-12.557182 12.179444 5.512051 -1.053099 -0.979621 -0.414194
-12.651961 12.091278 5.474774 -1.045808 -0.986589 -0.417349
-12.746083 12.002485 5.437212 -1.038458 -0.993510 -0.420484
-12.839545 11.913070 5.399369 -1.031048 -1.000385 -0.423600
-12.932339 11.823035 5.361245 -1.023580 -1.007212 -0.426696
-13.024461 11.732386 5.322842 -1.016054 -1.013992 -0.429772
-13.115906 11.641127 5.284162 -1.008469 -1.020724 -0.432828
-13.206668 11.549261 5.245208 -1.000827 -1.027407 -0.435863
-13.296743 11.456795 5.205980 -0.993127 -1.034041 -0.438877
-13.386124 11.363731 5.166481 -0.985371 -1.040626 -0.441871
-13.474807 11.270075 5.126713 -0.977558 -1.047160 -0.444844
-13.562788 11.175830 5.086677 -0.969689 -1.053644 -0.447795
-13.650060 11.081002 5.046376 -0.961764 -1.060078 -0.450725
-13.736618 10.985595 5.005810 -0.953784 -1.066460 -0.453633
-13.822459 10.889614 4.964983 -0.945749 -1.072790 -0.456519
-13.907576 10.793063 4.923897 -0.937659 -1.079068 -0.459383
-13.991966 10.695947 4.882552 -0.929515 -1.085293 -0.462225
-14.075622 10.598270 4.840952 -0.921318 -1.091466 -0.465044
-14.158541 10.500039 4.799098 -0.913067 -1.097584 -0.467841
-14.240717 10.401256 4.756992 -0.904763 -1.103649 -0.470615
-14.322145 10.301927 4.714637 -0.896407 -1.109660 -0.473365
-14.402822 10.202058 4.672034 -0.887999 -1.115616 -0.476093
-14.482742 10.101653 4.629186 -0.879540 -1.121516 -0.478797
-14.561901 10.000716 4.586094 -0.871029 -1.127361 -0.481477
-14.640293 9.899254 4.542761 -0.862467 -1.133150 -0.484134
-14.717915 9.797270 4.499189 -0.853856 -1.138883 -0.486766
-14.794762 9.694771 4.455380 -0.845195 -1.144558 -0.489374
-14.870830 9.591761 4.411336 -0.836484 -1.150177 -0.491958
-14.946113 9.488245 4.367060 -0.827725 -1.155737 -0.494518
-15.020608 9.384228 4.322554 -0.818917 -1.161240 -0.497052
-15.094311 9.279717 4.277819 -0.810061 -1.166684 -0.499562
-15.167217 9.174715 4.232858 -0.801158 -1.172070 -0.502047
-15.239321 9.069229 4.187674 -0.792209 -1.177396 -0.504506
-15.310620 8.963263 4.142269 -0.783212 -1.182662 -0.506940
-15.381109 8.856824 4.096644 -0.774170 -1.187869 -0.509348
-15.450784 8.749915 4.050803 -0.765083 -1.193015 -0.511731
-15.519641 8.642544 4.004747 -0.755951 -1.198101 -0.514087
-15.587677 8.534715 3.958479 -0.746774 -1.203125 -0.516418
-15.654887 8.426434 3.912001 -0.737553 -1.208088 -0.518722
-15.721267 8.317706 3.865316 -0.728290 -1.212990 -0.520999
-15.786813 8.208537 3.818426 -0.718983 -1.217829 -0.523251
-15.851521 8.098932 3.771334 -0.709634 -1.222605 -0.525475
-15.915388 7.988898 3.724041 -0.700243 -1.227319 -0.527672
-15.978410 7.878439 3.676551 -0.690812 -1.231970 -0.529842
-16.040583 7.767562 3.628865 -0.681339 -1.236557 -0.531985
-16.101904 7.656271 3.580986 -0.671826 -1.241080 -0.534101
-16.162368 7.544574 3.532917 -0.662274 -1.245539 -0.536189
-16.221973 7.432476 3.484660 -0.652683 -1.249933 -0.538249
-16.280714 7.319982 3.436218 -0.643053 -1.254263 -0.540282
-16.338589 7.207098 3.387592 -0.633385 -1.258527 -0.542286
-16.395594 7.093831 3.338787 -0.623680 -1.262726 -0.544262
-16.451725 6.980185 3.289803 -0.613939 -1.266860 -0.546210
-16.506979 6.866168 3.240644 -0.604161 -1.270927 -0.548130
-16.561354 6.751784 3.191312 -0.594347 -1.274928 -0.550021
-16.614845 6.637041 3.141810 -0.584498 -1.278862 -0.551883
-16.667450 6.521943 3.092141 -0.574615 -1.282729 -0.553717
-16.719165 6.406498 3.042306 -0.564698 -1.286529 -0.555522
-16.769988 6.290710 2.992309 -0.554748 -1.290262 -0.557297
-16.819915 6.174587 2.942153 -0.544765 -1.293927 -0.559043
-16.868944 6.058133 2.891839 -0.534750 -1.297523 -0.560760
-16.917072 5.941356 2.841370 -0.524703 -1.301052 -0.562448
-16.964295 5.824261 2.790750 -0.514625 -1.304512 -0.564105
-17.010611 5.706855 2.739981 -0.504517 -1.307903 -0.565734
-17.056018 5.589144 2.689065 -0.494379 -1.311225 -0.567332
-17.100512 5.471134 2.638005 -0.484213 -1.314478 -0.568900
-17.144091 5.352831 2.586804 -0.474017 -1.317661 -0.570439
-17.186753 5.234241 2.535464 -0.463794 -1.320774 -0.571947
-17.228494 5.115372 2.483989 -0.453544 -1.323818 -0.573425
-17.269313 4.996228 2.432381 -0.443267 -1.326791 -0.574872
-17.309207 4.876817 2.380642 -0.432964 -1.329694 -0.576289
-17.348174 4.757144 2.328776 -0.422635 -1.332526 -0.577676
-17.386211 4.637217 2.276785 -0.412282 -1.335288 -0.579032
-17.423316 4.517041 2.224673 -0.401904 -1.337978 -0.580357
-17.459488 4.396623 2.172441 -0.391504 -1.340597 -0.581651
-17.494723 4.275969 2.120092 -0.381080 -1.343145 -0.582914
-17.529020 4.155086 2.067630 -0.370634 -1.345621 -0.584146
-17.562377 4.033980 2.015057 -0.360166 -1.348025 -0.585347
-17.594792 3.912658 1.962375 -0.349678 -1.350358 -0.586517
-17.626263 3.791126 1.909589 -0.339169 -1.352618 -0.587655
-17.656788 3.669390 1.856700 -0.328640 -1.354806 -0.588763
-17.686366 3.547458 1.803711 -0.318093 -1.356922 -0.589838
-17.714994 3.425335 1.750626 -0.307527 -1.358965 -0.590882
-17.742672 3.303028 1.697446 -0.296943 -1.360935 -0.591895
-17.769397 3.180544 1.644176 -0.286343 -1.362832 -0.592876
-17.795167 3.057889 1.590817 -0.275726 -1.364657 -0.593825
-17.819983 2.935070 1.537373 -0.265093 -1.366408 -0.594742
-17.843841 2.812093 1.483846 -0.254445 -1.368086 -0.595628
-17.866741 2.688965 1.430240 -0.243783 -1.369691 -0.596481
-17.888682 2.565693 1.376556 -0.233107 -1.371222 -0.597303
-17.909661 2.442283 1.322799 -0.222417 -1.372680 -0.598092
-17.929679 2.318742 1.268971 -0.211716 -1.374064 -0.598850
-17.948733 2.195076 1.215074 -0.201002 -1.375374 -0.599575
-17.966823 2.071293 1.161113 -0.190278 -1.376610 -0.600268
-17.983949 1.947398 1.107088 -0.179543 -1.377773 -0.600929
-18.000107 1.823398 1.053005 -0.168798 -1.378861 -0.601557
-18.015299 1.699301 0.998865 -0.158044 -1.379875 -0.602154
-18.029523 1.575112 0.944671 -0.147282 -1.380816 -0.602717
-18.042779 1.450839 0.890426 -0.136512 -1.381682 -0.603249
-18.055065 1.326487 0.836134 -0.125734 -1.382474 -0.603748
-18.066381 1.202065 0.781797 -0.114951 -1.383191 -0.604215
-18.076726 1.077577 0.727417 -0.104161 -1.383834 -0.604649
-18.086101 0.953032 0.672999 -0.093366 -1.384403 -0.605051
-18.094504 0.828436 0.618544 -0.082567 -1.384897 -0.605420
-18.101935 0.703795 0.564056 -0.071765 -1.385317 -0.605756
-18.108394 0.579117 0.509538 -0.060959 -1.385663 -0.606060
-18.113880 0.454407 0.454993 -0.050150 -1.385934 -0.606332
-18.118393 0.329673 0.400423 -0.039340 -1.386131 -0.606571
-18.121934 0.204921 0.345832 -0.028529 -1.386253 -0.606777
-18.124502 0.080158 0.291222 -0.017718 -1.386301 -0.606951
-18.126096 -0.044609 0.236596 -0.006906 -1.386274 -0.607092
-18.126718 -0.169373 0.181958 0.003904 -1.386173 -0.607200
-18.126366 -0.294129 0.127310 0.014713 -1.385998 -0.607276
-18.125042 -0.418869 0.072655 0.025520 -1.385748 -0.607320
-18.122745 -0.543586 0.017996 0.036323 -1.385424 -0.607330
-18.119476 -0.668274 -0.036664 0.047123 -1.385026 -0.607309
-18.115235 -0.792927 -0.091321 0.057919 -1.384553 -0.607254
-18.110023 -0.917536 -0.145974 0.068710 -1.384007 -0.607167
-18.103839 -1.042097 -0.200619 0.079495 -1.383386 -0.607048
-18.096684 -1.166602 -0.255254 0.090274 -1.382691 -0.606896
-18.088560 -1.291044 -0.309874 0.101046 -1.381922 -0.606711
-18.079466 -1.415417 -0.364478 0.111810 -1.381079 -0.606494
-18.069403 -1.539714 -0.419063 0.122566 -1.380163 -0.606245
-18.058372 -1.663929 -0.473625 0.133313 -1.379173 -0.605963
-18.046374 -1.788054 -0.528161 0.144051 -1.378109 -0.605649
-18.033409 -1.912084 -0.582670 0.154778 -1.376971 -0.605302
-18.019479 -2.036011 -0.637147 0.165494 -1.375760 -0.604923
-18.004584 -2.159830 -0.691590 0.176199 -1.374476 -0.604512
-17.988727 -2.283533 -0.745996 0.186892 -1.373119 -0.604068
-17.971906 -2.407113 -0.800362 0.197572 -1.371688 -0.603593
-17.954125 -2.530565 -0.854685 0.208238 -1.370185 -0.603085
-17.935383 -2.653882 -0.908963 0.218890 -1.368609 -0.602545
-17.915683 -2.777057 -0.963192 0.229527 -1.366960 -0.601973
-17.895026 -2.900083 -1.017370 0.240149 -1.365239 -0.601369
-17.873412 -3.022955 -1.071493 0.250755 -1.363445 -0.600734
-17.850844 -3.145665 -1.125559 0.261344 -1.361579 -0.600066
-17.827323 -3.268207 -1.179565 0.271916 -1.359641 -0.599366
-17.802851 -3.390574 -1.233508 0.282469 -1.357631 -0.598635
-17.777429 -3.512761 -1.287385 0.293004 -1.355549 -0.597872
-17.751058 -3.634761 -1.341194 0.303520 -1.353396 -0.597078
-17.723742 -3.756566 -1.394931 0.314016 -1.351171 -0.596252
-17.695480 -3.878172 -1.448593 0.324491 -1.348876 -0.595394
-17.666276 -3.999570 -1.502179 0.334945 -1.346509 -0.594505
-17.636131 -4.120756 -1.555684 0.345377 -1.344071 -0.593585
-17.605047 -4.241723 -1.609107 0.355787 -1.341563 -0.592634
-17.573026 -4.362463 -1.662444 0.366174 -1.338985 -0.591651
-17.540070 -4.482972 -1.715692 0.376537 -1.336336 -0.590637
-17.506182 -4.603242 -1.768850 0.386876 -1.333617 -0.589593
-17.471363 -4.723268 -1.821913 0.397190 -1.330829 -0.588517
-17.435616 -4.843042 -1.874880 0.407479 -1.327971 -0.587411
-17.398943 -4.962560 -1.927747 0.417741 -1.325044 -0.586274
-17.361346 -5.081814 -1.980511 0.427977 -1.322048 -0.585106
-17.322828 -5.200798 -2.033171 0.438186 -1.318983 -0.583908
-17.283392 -5.319507 -2.085723 0.448366 -1.315850 -0.582679
-17.243039 -5.437933 -2.138164 0.458518 -1.312648 -0.581420
-17.201772 -5.556071 -2.190491 0.468641 -1.309378 -0.580131
-17.159594 -5.673915 -2.242703 0.478735 -1.306041 -0.578812
-17.116508 -5.791459 -2.294796 0.488798 -1.302636 -0.577463
-17.072516 -5.908696 -2.346768 0.498831 -1.299164 -0.576084
-17.027622 -6.025621 -2.398616 0.508832 -1.295625 -0.574675
-16.981827 -6.142227 -2.450336 0.518801 -1.292019 -0.573237
-16.935135 -6.258509 -2.501928 0.528737 -1.288347 -0.571769
-16.887548 -6.374460 -2.553387 0.538641 -1.284608 -0.570271
-16.839071 -6.490075 -2.604711 0.548511 -1.280804 -0.568745
-16.789705 -6.605347 -2.655898 0.558346 -1.276935 -0.567189
-16.739453 -6.720271 -2.706945 0.568147 -1.273000 -0.565604
-16.688320 -6.834842 -2.757850 0.577913 -1.269001 -0.563990
-16.636308 -6.949052 -2.808609 0.587643 -1.264937 -0.562347
-16.583420 -7.062896 -2.859220 0.597336 -1.260808 -0.560676
-16.529660 -7.176369 -2.909681 0.606993 -1.256616 -0.558976
-16.475031 -7.289464 -2.959989 0.616611 -1.252360 -0.557248
-16.419536 -7.402176 -3.010141 0.626192 -1.248041 -0.555492
-16.363178 -7.514500 -3.060135 0.635735 -1.243658 -0.553707
-16.305962 -7.626429 -3.109969 0.645238 -1.239214 -0.551894
-16.247891 -7.737959 -3.159639 0.654702 -1.234706 -0.550054
-16.188967 -7.849082 -3.209144 0.664126 -1.230137 -0.548186
-16.129196 -7.959794 -3.258481 0.673509 -1.225507 -0.546290
-16.068580 -8.070090 -3.307647 0.682851 -1.220815 -0.544367
-16.007124 -8.179963 -3.356640 0.692151 -1.216062 -0.542417
-15.944830 -8.289409 -3.405458 0.701410 -1.211249 -0.540440
-15.881703 -8.398421 -3.454097 0.710625 -1.206376 -0.538435
-15.817747 -8.506995 -3.502556 0.719798 -1.201443 -0.536404
-15.752965 -8.615125 -3.550833 0.728927 -1.196450 -0.534347
-15.687362 -8.722806 -3.598924 0.738012 -1.191398 -0.532262
-15.620941 -8.830031 -3.646828 0.747053 -1.186288 -0.530152
-15.553706 -8.936797 -3.694541 0.756048 -1.181119 -0.528015
-15.485662 -9.043098 -3.742063 0.764998 -1.175893 -0.525852
-15.416812 -9.148929 -3.789389 0.773902 -1.170609 -0.523664
-15.347160 -9.254283 -3.836519 0.782760 -1.165268 -0.521449
-15.276712 -9.359157 -3.883450 0.791571 -1.159870 -0.519210
-15.205471 -9.463546 -3.930178 0.800335 -1.154415 -0.516944
-15.133441 -9.567443 -3.976703 0.809051 -1.148905 -0.514654
-15.060626 -9.670845 -4.023022 0.817718 -1.143339 -0.512339
-14.987031 -9.773745 -4.069133 0.826337 -1.137718 -0.509999
-14.912661 -9.876140 -4.115033 0.834907 -1.132043 -0.507634
-14.837519 -9.978024 -4.160720 0.843428 -1.126313 -0.505244
-14.761611 -10.079392 -4.206192 0.851899 -1.120529 -0.502831
-14.684940 -10.180239 -4.251446 0.860319 -1.114691 -0.500393
-14.607511 -10.280562 -4.296482 0.868689 -1.108801 -0.497931
-14.529329 -10.380354 -4.341296 0.877008 -1.102858 -0.495446
-14.450398 -10.479611 -4.385886 0.885275 -1.096862 -0.492936
-14.370724 -10.578328 -4.430250 0.893490 -1.090815 -0.490404
-14.290310 -10.676502 -4.474386 0.901653 -1.084717 -0.487848
-14.209161 -10.774126 -4.518293 0.909763 -1.078567 -0.485269
-14.127282 -10.871197 -4.561967 0.917820 -1.072367 -0.482667
-14.044678 -10.967710 -4.605407 0.925824 -1.066117 -0.480043
-13.961354 -11.063661 -4.648611 0.933774 -1.059817 -0.477396
-13.877315 -11.159044 -4.691576 0.941669 -1.053468 -0.474726
-13.792564 -11.253857 -4.734302 0.949510 -1.047070 -0.472035
-13.707109 -11.348093 -4.776785 0.957296 -1.040624 -0.469322
-13.620952 -11.441749 -4.819024 0.965027 -1.034130 -0.466586
-13.534099 -11.534821 -4.861017 0.972703 -1.027588 -0.463830
-13.446556 -11.627304 -4.902761 0.980322 -1.021000 -0.461052
-13.358327 -11.719194 -4.944256 0.987885 -1.014365 -0.458252
-13.269418 -11.810486 -4.985499 0.995391 -1.007684 -0.455432
-13.179832 -11.901178 -5.026488 1.002841 -1.000957 -0.452591
-13.089577 -11.991264 -5.067221 1.010233 -0.994185 -0.449729
-12.998656 -12.080741 -5.107696 1.017567 -0.987369 -0.446847
-12.907075 -12.169604 -5.147913 1.024844 -0.980508 -0.443945
-12.814839 -12.257850 -5.187868 1.032062 -0.973603 -0.441023
-12.721953 -12.345474 -5.227560 1.039222 -0.966655 -0.438081
-12.628423 -12.432473 -5.266987 1.046323 -0.959664 -0.435119
-12.534254 -12.518843 -5.306148 1.053365 -0.952631 -0.432138
-12.439451 -12.604579 -5.345040 1.060348 -0.945556 -0.429138
-12.344020 -12.689679 -5.383663 1.067271 -0.938439 -0.426119
-12.247965 -12.774139 -5.422013 1.074134 -0.931281 -0.423080
-12.151293 -12.857954 -5.460091 1.080936 -0.924083 -0.420024
-12.054009 -12.941122 -5.497893 1.087678 -0.916845 -0.416949
-11.956118 -13.023638 -5.535418 1.094360 -0.909567 -0.413855
-11.857626 -13.105499 -5.572665 1.100980 -0.902250 -0.410744
-11.758537 -13.186701 -5.609632 1.107539 -0.894894 -0.407615
-11.658859 -13.267242 -5.646317 1.114036 -0.887501 -0.404468
-11.558596 -13.347117 -5.682720 1.120472 -0.880069 -0.401304
-11.457753 -13.426323 -5.718837 1.126846 -0.872600 -0.398123
-11.356337 -13.504857 -5.754668 1.133157 -0.865095 -0.394925
-11.254353 -13.582716 -5.790211 1.139406 -0.857553 -0.391710
-11.151806 -13.659895 -5.825465 1.145592 -0.849976 -0.388478
-11.048703 -13.736393 -5.860428 1.151715 -0.842363 -0.385230
-10.945049 -13.812206 -5.895099 1.157776 -0.834715 -0.381966
-10.840849 -13.887330 -5.929476 1.163772 -0.827033 -0.378686
-10.736109 -13.961763 -5.963558 1.169706 -0.819317 -0.375391
-10.630836 -14.035502 -5.997343 1.175575 -0.811568 -0.372079
-10.525034 -14.108543 -6.030830 1.181380 -0.803786 -0.368753
-10.418710 -14.180884 -6.064018 1.187122 -0.795972 -0.365411
-10.311869 -14.252521 -6.096905 1.192799 -0.788125 -0.362055
-10.204517 -14.323452 -6.129490 1.198411 -0.780247 -0.358684
-10.096660 -14.393675 -6.161771 1.203959 -0.772338 -0.355298
-9.988304 -14.463185 -6.193748 1.209442 -0.764399 -0.351898
-9.879454 -14.531981 -6.225419 1.214860 -0.756430 -0.348484
-9.770117 -14.600060 -6.256782 1.220213 -0.748431 -0.345056
-9.660297 -14.667419 -6.287837 1.225500 -0.740403 -0.341614
-9.550002 -14.734055 -6.318583 1.230722 -0.732346 -0.338159
-9.439237 -14.799966 -6.349017 1.235878 -0.724262 -0.334691
-9.328008 -14.865150 -6.379139 1.240969 -0.716150 -0.331210
-9.216321 -14.929603 -6.408948 1.245993 -0.708010 -0.327716
-9.104182 -14.993324 -6.438443 1.250951 -0.699845 -0.324209
-8.991596 -15.056310 -6.467621 1.255844 -0.691653 -0.320691
-8.878570 -15.118559 -6.496484 1.260670 -0.683435 -0.317159
-8.765110 -15.180068 -6.525028 1.265429 -0.675192 -0.313616
-8.651221 -15.240835 -6.553253 1.270122 -0.666925 -0.310061
-8.536910 -15.300858 -6.581159 1.274748 -0.658633 -0.306495
-8.422183 -15.360135 -6.608743 1.279308 -0.650317 -0.302917
-8.307045 -15.418664 -6.636006 1.283800 -0.641979 -0.299328
-8.191503 -15.476442 -6.662946 1.288226 -0.633617 -0.295729
-8.075563 -15.533467 -6.689561 1.292585 -0.625233 -0.292118
-7.959230 -15.589739 -6.715852 1.296876 -0.616828 -0.288497
-7.842512 -15.645253 -6.741816 1.301100 -0.608401 -0.284866
-7.725413 -15.700009 -6.767454 1.305257 -0.599953 -0.281224
-7.607939 -15.754005 -6.792765 1.309347 -0.591485 -0.277573
-7.490098 -15.807239 -6.817746 1.313368 -0.582997 -0.273912
-7.371895 -15.859708 -6.842398 1.317323 -0.574489 -0.270242
-7.253336 -15.911412 -6.866720 1.321210 -0.565963 -0.266562
-7.134427 -15.962349 -6.890711 1.325029 -0.557418 -0.262873
-7.015175 -16.012517 -6.914369 1.328780 -0.548855 -0.259176
-6.895584 -16.061914 -6.937695 1.332464 -0.540275 -0.255470
-6.775663 -16.110538 -6.960687 1.336080 -0.531677 -0.251755
-6.655415 -16.158389 -6.983345 1.339628 -0.523063 -0.248032
-6.534849 -16.205465 -7.005668 1.343108 -0.514433 -0.244301
-6.413969 -16.251764 -7.027655 1.346520 -0.505787 -0.240563
-6.292782 -16.297285 -7.049306 1.349865 -0.497126 -0.236816
-6.171294 -16.342026 -7.070619 1.353141 -0.488450 -0.233063
-6.049512 -16.385987 -7.091595 1.356349 -0.479760 -0.229302
-5.927440 -16.429165 -7.112232 1.359489 -0.471056 -0.225534
-5.805086 -16.471560 -7.132530 1.362562 -0.462339 -0.221759
-5.682456 -16.513171 -7.152488 1.365566 -0.453609 -0.217978
-5.559555 -16.553995 -7.172106 1.368502 -0.444867 -0.214190
-5.436390 -16.594033 -7.191383 1.371370 -0.436113 -0.210396
-5.312966 -16.633284 -7.210319 1.374170 -0.427347 -0.206596
-5.189291 -16.671745 -7.228913 1.376902 -0.418570 -0.202791
-5.065370 -16.709416 -7.247164 1.379565 -0.409782 -0.198979
-4.941209 -16.746296 -7.265072 1.382161 -0.400985 -0.195163
-4.816815 -16.782385 -7.282637 1.384689 -0.392178 -0.191341
-4.692193 -16.817681 -7.299857 1.387149 -0.383361 -0.187514
-4.567349 -16.852184 -7.316734 1.389541 -0.374536 -0.183682
-4.442290 -16.885892 -7.333265 1.391865 -0.365703 -0.179846
-4.317023 -16.918805 -7.349451 1.394121 -0.356861 -0.176006
-4.191552 -16.950923 -7.365292 1.396309 -0.348013 -0.172161
-4.065884 -16.982244 -7.380786 1.398429 -0.339157 -0.168312
-3.940025 -17.012768 -7.395934 1.400481 -0.330295 -0.164459
-3.813982 -17.042494 -7.410736 1.402466 -0.321426 -0.160603
-3.687760 -17.071423 -7.425190 1.404383 -0.312553 -0.156743
-3.561366 -17.099553 -7.439297 1.406232 -0.303673 -0.152880
-3.434805 -17.126883 -7.453056 1.408014 -0.294789 -0.149014
-3.308084 -17.153414 -7.466467 1.409728 -0.285901 -0.145145
-3.181208 -17.179145 -7.479530 1.411375 -0.277009 -0.141274
-3.054184 -17.204076 -7.492245 1.412954 -0.268113 -0.137400
-2.927018 -17.228206 -7.504611 1.414466 -0.259215 -0.133524
-2.799717 -17.251536 -7.516628 1.415910 -0.250314 -0.129645
-2.672285 -17.274064 -7.528296 1.417288 -0.241410 -0.125765
-2.544729 -17.295791 -7.539615 1.418598 -0.232505 -0.121883
-2.417055 -17.316716 -7.550585 1.419841 -0.223598 -0.118000
-2.289269 -17.336840 -7.561205 1.421017 -0.214691 -0.114115
-2.161378 -17.356162 -7.571475 1.422126 -0.205783 -0.110229
-2.033386 -17.374683 -7.581396 1.423169 -0.196875 -0.106342
-1.905301 -17.392402 -7.590966 1.424145 -0.187968 -0.102454
-1.777128 -17.409319 -7.600187 1.425054 -0.179061 -0.098566
-1.648873 -17.425434 -7.609058 1.425897 -0.170155 -0.094677
-1.520543 -17.440748 -7.617579 1.426673 -0.161251 -0.090788
-1.392142 -17.455261 -7.625750 1.427383 -0.152349 -0.086899
-1.263678 -17.468972 -7.633571 1.428027 -0.143450 -0.083010
-1.135155 -17.481883 -7.641042 1.428604 -0.134553 -0.079121
-1.006581 -17.493992 -7.648163 1.429116 -0.125659 -0.075233
-0.877960 -17.505302 -7.654934 1.429562 -0.116769 -0.071346
-0.749300 -17.515811 -7.661355 1.429942 -0.107883 -0.067459
-0.620605 -17.525520 -7.667426 1.430257 -0.099002 -0.063573
-0.491882 -17.534431 -7.673148 1.430506 -0.090125 -0.059689
-0.363136 -17.542542 -7.678520 1.430689 -0.081254 -0.055806
-0.234374 -17.549855 -7.683542 1.430808 -0.072388 -0.051924
-0.105602 -17.556370 -7.688216 1.430861 -0.063528 -0.048045
0.023176 -17.562087 -7.692540 1.430849 -0.054675 -0.044167
0.151952 -17.567008 -7.696515 1.430773 -0.045828 -0.040291
0.280722 -17.571132 -7.700141 1.430632 -0.036989 -0.036417
0.409479 -17.574461 -7.703418 1.430426 -0.028157 -0.032546
0.538217 -17.576996 -7.706347 1.430156 -0.019333 -0.028677
0.666931 -17.578736 -7.708928 1.429821 -0.010517 -0.024811
0.795615 -17.579682 -7.711161 1.429423 -0.001710 -0.020948
0.924263 -17.579836 -7.713047 1.428960 0.007088 -0.017088
1.052869 -17.579198 -7.714584 1.428434 0.015876 -0.013231
1.181428 -17.577769 -7.715775 1.427844 0.024655 -0.009378
1.309934 -17.575550 -7.716619 1.427190 0.033423 -0.005528
1.438381 -17.572542 -7.717117 1.426473 0.042181 -0.001682
1.566764 -17.568746 -7.717268 1.425693 0.050928 0.002160
1.695076 -17.564162 -7.717074 1.424850 0.059664 0.005999
1.823313 -17.558793 -7.716534 1.423944 0.068388 0.009833
1.951468 -17.552638 -7.715649 1.422976 0.077100 0.013662
2.079536 -17.545699 -7.714419 1.421944 0.085800 0.017487
2.207511 -17.537977 -7.712845 1.420851 0.094487 0.021308
2.335387 -17.529473 -7.710928 1.419695 0.103161 0.025123
2.463160 -17.520189 -7.708667 1.418478 0.111821 0.028934
2.590823 -17.510125 -7.706063 1.417199 0.120468 0.032739
2.718371 -17.499283 -7.703116 1.415858 0.129100 0.036539
2.845798 -17.487664 -7.699828 1.414455 0.137719 0.040334
2.973099 -17.475269 -7.696198 1.412991 0.146322 0.044123
3.100268 -17.462100 -7.692227 1.411467 0.154910 0.047906
3.227300 -17.448158 -7.687915 1.409881 0.163483 0.051683
3.354189 -17.433445 -7.683264 1.408235 0.172040 0.055454
3.480931 -17.417961 -7.678273 1.406528 0.180580 0.059219
3.607518 -17.401709 -7.672943 1.404761 0.189105 0.062978
3.733947 -17.384689 -7.667275 1.402933 0.197612 0.066730
3.860211 -17.366904 -7.661269 1.401046 0.206102 0.070475
3.986305 -17.348355 -7.654927 1.399099 0.214575 0.074214
4.112224 -17.329043 -7.648247 1.397093 0.223030 0.077945
4.237962 -17.308971 -7.641232 1.395027 0.231467 0.081670
4.363514 -17.288139 -7.633882 1.392902 0.239885 0.085387
4.488876 -17.266549 -7.626197 1.390719 0.248285 0.089097
4.614040 -17.244203 -7.618178 1.388476 0.256665 0.092800
4.739003 -17.221103 -7.609826 1.386176 0.265027 0.096494
4.863759 -17.197251 -7.601142 1.383816 0.273368 0.100181
4.988302 -17.172648 -7.592126 1.381399 0.281689 0.103860
5.112628 -17.147296 -7.582778 1.378924 0.289990 0.107531
5.236732 -17.121197 -7.573100 1.376391 0.298271 0.111194
5.360607 -17.094352 -7.563093 1.373801 0.306530 0.114848
5.484249 -17.066765 -7.552757 1.371154 0.314769 0.118494
5.607653 -17.038435 -7.542092 1.368450 0.322985 0.122131
5.730813 -17.009367 -7.531100 1.365689 0.331180 0.125759
5.853725 -16.979560 -7.519782 1.362871 0.339353 0.129379
5.976384 -16.949019 -7.508138 1.359997 0.347503 0.132989
6.098783 -16.917743 -7.496169 1.357067 0.355631 0.136590
6.220920 -16.885737 -7.483876 1.354082 0.363735 0.140182
6.342787 -16.853000 -7.471260 1.351040 0.371816 0.143765
6.464380 -16.819537 -7.458321 1.347943 0.379874 0.147338
6.585695 -16.785348 -7.445060 1.344791 0.387908 0.150901
6.706727 -16.750437 -7.431479 1.341584 0.395917 0.154455
6.827469 -16.714804 -7.417578 1.338323 0.403903 0.157998
6.947918 -16.678453 -7.403358 1.335007 0.411863 0.161532
7.068069 -16.641385 -7.388821 1.331636 0.419798 0.165055
7.187916 -16.603603 -7.373966 1.328212 0.427709 0.168568
7.307455 -16.565110 -7.358794 1.324734 0.435593 0.172071
7.426681 -16.525906 -7.343308 1.321202 0.443452 0.175563
7.545589 -16.485996 -7.327507 1.317617 0.451285 0.179044
7.664175 -16.445380 -7.311393 1.313979 0.459091 0.182515
7.782433 -16.404062 -7.294967 1.310288 0.466871 0.185975
7.900359 -16.362043 -7.278229 1.306544 0.474624 0.189423
8.017948 -16.319327 -7.261181 1.302749 0.482349 0.192861
8.135195 -16.275916 -7.243824 1.298901 0.490048 0.196287
8.252096 -16.231811 -7.226158 1.295001 0.497718 0.199702
8.368646 -16.187017 -7.208185 1.291050 0.505361 0.203105
8.484841 -16.141534 -7.189905 1.287047 0.512976 0.206497
8.600675 -16.095366 -7.171321 1.282993 0.520562 0.209877
8.716144 -16.048516 -7.152432 1.278889 0.528120 0.213245
8.831244 -16.000985 -7.133240 1.274733 0.535648 0.216602
8.945970 -15.952777 -7.113745 1.270528 0.543148 0.219946
9.060318 -15.903893 -7.093950 1.266272 0.550618 0.223278
9.174282 -15.854338 -7.073855 1.261967 0.558058 0.226598
9.287859 -15.804113 -7.053462 1.257612 0.565469 0.229905
9.401045 -15.753220 -7.032770 1.253207 0.572850 0.233200
9.513833 -15.701664 -7.011782 1.248754 0.580200 0.236482
9.626221 -15.649446 -6.990499 1.244251 0.587519 0.239752
9.738204 -15.596569 -6.968921 1.239700 0.594808 0.243009
9.849777 -15.543036 -6.947050 1.235101 0.602066 0.246253
9.960936 -15.488850 -6.924887 1.230454 0.609292 0.249483
10.071677 -15.434014 -6.902434 1.225759 0.616487 0.252701
10.181995 -15.378530 -6.879691 1.221016 0.623650 0.255906
10.291886 -15.322402 -6.856659 1.216226 0.630781 0.259097
10.401347 -15.265632 -6.833341 1.211389 0.637880 0.262274
10.510372 -15.208222 -6.809736 1.206505 0.644947 0.265439
10.618957 -15.150177 -6.785847 1.201575 0.651981 0.268589
10.727099 -15.091499 -6.761673 1.196598 0.658982 0.271726
10.834793 -15.032190 -6.737218 1.191576 0.665951 0.274849
10.942035 -14.972255 -6.712482 1.186508 0.672885 0.277958
11.048820 -14.911695 -6.687465 1.181394 0.679787 0.281053
11.155146 -14.850514 -6.662171 1.176235 0.686655 0.284134
11.261007 -14.788715 -6.636599 1.171032 0.693489 0.287201
11.366400 -14.726301 -6.610750 1.165783 0.700288 0.290254
11.471320 -14.663275 -6.584628 1.160490 0.707054 0.293292
11.575764 -14.599641 -6.558231 1.155153 0.713785 0.296315
11.679728 -14.535400 -6.531563 1.149773 0.720481 0.299324
11.783208 -14.470557 -6.504624 1.144348 0.727143 0.302319
11.886199 -14.405114 -6.477415 1.138881 0.733769 0.305299
11.988698 -14.339074 -6.449938 1.133370 0.740360 0.308263
12.090702 -14.272442 -6.422194 1.127816 0.746916 0.311213
12.192205 -14.205220 -6.394185 1.122220 0.753436 0.314148
12.293205 -14.137410 -6.365912 1.116582 0.759920 0.317068
12.393697 -14.069018 -6.337376 1.110902 0.766368 0.319972
12.493678 -14.000044 -6.308578 1.105180 0.772780 0.322861
12.593145 -13.930494 -6.279521 1.099416 0.779156 0.325735
12.692092 -13.860370 -6.250205 1.093612 0.785494 0.328594
12.790517 -13.789676 -6.220631 1.087767 0.791796 0.331437
12.888416 -13.718414 -6.190802 1.081880 0.798062 0.334264
12.985785 -13.646588 -6.160718 1.075954 0.804289 0.337076
13.082621 -13.574202 -6.130381 1.069988 0.810480 0.339871
13.178920 -13.501259 -6.099793 1.063981 0.816633 0.342651
13.274679 -13.427762 -6.068954 1.057936 0.822749 0.345415
13.369893 -13.353715 -6.037867 1.051851 0.828826 0.348163
13.464559 -13.279120 -6.006532 1.045727 0.834866 0.350895
13.558675 -13.203982 -5.974952 1.039564 0.840867 0.353611
13.652235 -13.128304 -5.943127 1.033363 0.846831 0.356310
13.745238 -13.052090 -5.911059 1.027124 0.852755 0.358994
13.837679 -12.975342 -5.878749 1.020847 0.858641 0.361660
13.929555 -12.898064 -5.846200 1.014532 0.864488 0.364311
14.020863 -12.820260 -5.813412 1.008180 0.870296 0.366944
14.111600 -12.741933 -5.780387 1.001791 0.876065 0.369561
14.201761 -12.663088 -5.747126 0.995365 0.881795 0.372162
14.291344 -12.583726 -5.713632 0.988903 0.887485 0.374745
14.380345 -12.503852 -5.679905 0.982404 0.893135 0.377312
14.468761 -12.423470 -5.645947 0.975870 0.898746 0.379862
14.556589 -12.342583 -5.611759 0.969300 0.904317 0.382395
14.643826 -12.261194 -5.577343 0.962694 0.909848 0.384911
14.730469 -12.179308 -5.542702 0.956054 0.915338 0.387409
14.816514 -12.096928 -5.507835 0.949378 0.920788 0.389891
14.901958 -12.014057 -5.472745 0.942668 0.926198 0.392355
14.986798 -11.930699 -5.437433 0.935924 0.931567 0.394802
15.071031 -11.846858 -5.401900 0.929146 0.936895 0.397231
15.154654 -11.762537 -5.366150 0.922334 0.942182 0.399643
15.237664 -11.677741 -5.330182 0.915489 0.947428 0.402038
15.320058 -11.592473 -5.293998 0.908611 0.952633 0.404415
15.401833 -11.506736 -5.257601 0.901699 0.957796 0.406774
15.482986 -11.420534 -5.220991 0.894756 0.962918 0.409116
15.563514 -11.333871 -5.184171 0.887780 0.967998 0.411439
15.643414 -11.246752 -5.147141 0.880771 0.973037 0.413745
15.722684 -11.159178 -5.109904 0.873732 0.978033 0.416033
15.801320 -11.071155 -5.072461 0.866660 0.982988 0.418303
15.879319 -10.982686 -5.034814 0.859558 0.987900 0.420555
15.956679 -10.893775 -4.996964 0.852424 0.992770 0.422789
16.033398 -10.804426 -4.958913 0.845260 0.997598 0.425005
16.109471 -10.714642 -4.920663 0.838066 1.002383 0.427202
16.184897 -10.624428 -4.882214 0.830842 1.007125 0.429381
16.259673 -10.533787 -4.843570 0.823588 1.011825 0.431542
16.333796 -10.442722 -4.804731 0.816304 1.016481 0.433685
16.407263 -10.351239 -4.765700 0.808991 1.021095 0.435809
16.480072 -10.259340 -4.726477 0.801649 1.025665 0.437915
16.552221 -10.167031 -4.687065 0.794279 1.030193 0.440002
16.623706 -10.074313 -4.647464 0.786880 1.034676 0.442070
16.694525 -9.981192 -4.607678 0.779454 1.039117 0.444120
16.764676 -9.887672 -4.567707 0.771999 1.043513 0.446151
16.834156 -9.793756 -4.527554 0.764517 1.047866 0.448163
16.902962 -9.699448 -4.487219 0.757008 1.052175 0.450157
16.971093 -9.604752 -4.446705 0.749472 1.056440 0.452131
17.038545 -9.509672 -4.406013 0.741909 1.060661 0.454087
17.105317 -9.414213 -4.365145 0.734319 1.064838 0.456024
17.171406 -9.318377 -4.324103 0.726704 1.068971 0.457941
17.236809 -9.222170 -4.282888 0.719063 1.073059 0.459840
17.301525 -9.125595 -4.241503 0.711396 1.077103 0.461720
17.365551 -9.028656 -4.199948 0.703704 1.081102 0.463580
17.428884 -8.931356 -4.158226 0.695988 1.085056 0.465421
17.491523 -8.833701 -4.116338 0.688246 1.088966 0.467243
17.553465 -8.735694 -4.074286 0.680480 1.092831 0.469045
17.614708 -8.637340 -4.032072 0.672690 1.096650 0.470828
17.675250 -8.538641 -3.989698 0.664877 1.100425 0.472592
17.735089 -8.439603 -3.947164 0.657039 1.104155 0.474336
17.794223 -8.340229 -3.904474 0.649179 1.107839 0.476061
17.852649 -8.240523 -3.861628 0.641295 1.111478 0.477766
17.910365 -8.140490 -3.818629 0.633389 1.115071 0.479452
17.967370 -8.040134 -3.775479 0.625461 1.118619 0.481118
18.023662 -7.939458 -3.732178 0.617510 1.122122 0.482765
18.079238 -7.838467 -3.688729 0.609537 1.125578 0.484391
18.134096 -7.737165 -3.645134 0.601543 1.128989 0.485998
18.188235 -7.635556 -3.601394 0.593528 1.132354 0.487585
18.241653 -7.533644 -3.557512 0.585492 1.135673 0.489152
18.294347 -7.431434 -3.513488 0.577435 1.138945 0.490700
18.346316 -7.328929 -3.469325 0.569358 1.142172 0.492227
18.397558 -7.226133 -3.425024 0.561260 1.145353 0.493735
18.448072 -7.123052 -3.380588 0.553143 1.148487 0.495222
18.497854 -7.019688 -3.336018 0.545006 1.151575 0.496690
18.546905 -6.916046 -3.291316 0.536850 1.154616 0.498137
18.595222 -6.812131 -3.246484 0.528675 1.157611 0.499564
